1,512713.31,8564216.66,1,1,2
2,513670.11,8563050.92,2,1,2
3,514046.55,8562860.72,3,1,2
4,514180.88,8562614.72,4,1,2
5,514012.20,8562537.40,5,1,2
6,514216.60,8562246.97,6,2,2
7,513842.36,8561259.04,7,2,2
8,513912.52,8560728.78,8,2,2
9,514328.57,8560209.94,9,2,2
10,514592.88,8559593.21,10,2,2
11,515116.45,8559305.40,11,1,2
12,515192.92,8559083.75,12,1,2
13,515431.96,8558951.45,13,1,2
14,515554.33,8558732.60,14,1,2
15,516004.56,8558725.27,15,1,2
16,516028.21,8558309.33,16,1,2
17,516265.33,8558110.64,17,1,2
18,516355.07,8557886.35,18,1,2
19,516527.83,8557846.43,19,1,2
20,516423.10,8557574.57,20,1,2
21,516618.82,8557478.88,21,1,2
22,516553.99,8557108.28,22,1,2
23,516785.06,8556656.73,23,1,2
24,516971.23,8556682.03,24,1,2
25,517273.20,8557224.28,25,1,2
26,517435.96,8556944.67,26,1,2
27,517085.74,8556476.03,27,1,2
28,517946.85,8556502.57,28,1,2
29,518040.94,8556349.23,29,1,2
30,517889.69,8556299.63,30,1,2
31,517935.34,8556098.05,31,1,2
32,517642.83,8555990.58,32,1,2
33,517406.82,8556066.08,33,1,2
34,517022.21,8555775.04,34,1,2
35,517230.72,8555643.71,35,1,2
36,517094.06,8555508.27,36,1,2
37,517301.61,8555143.22,37,1,2
38,517431.36,8554851.71,38,1,2
39,517728.87,8554917.99,39,1,2
40,518040.55,8554941.89,40,1,2
41,518608.47,8554881.92,41,1,2
42,518776.41,8554687.45,42,1,2
43,518665.81,8554498.69,43,1,2
44,517794.34,8554235.79,44,1,2
45,517815.12,8553905.38,45,1,2
46,517972.80,8553743.25,46,1,2
47,518363.80,8553634.00,47,1,2
48,518722.80,8553915.29,48,1,2
49,519032.81,8553800.08,49,1,2
50,519006.56,8553512.56,50,1,2
51,518566.67,8553171.76,51,1,2
52,517685.48,8553190.82,52,1,2
53,517607.49,8551955.88,53,1,2
54,517823.08,8550519.29,54,1,2
55,517771.08,8549504.56,55,1,2
56,517624.00,8549181.79,56,1,2
57,517204.16,8548714.12,57,1,2
58,517059.81,8548338.08,58,1,2
59,517006.05,8547879.30,59,1,2
60,516853.87,8547765.16,60,1,2
61,516611.67,8547722.42,61,1,2
62,516516.70,8547793.65,62,1,2
63,516549.94,8548206.81,63,3,1
64,516179.52,8548368.27,64,3,1
65,515856.59,8548724.44,65,3,1
66,515258.23,8548767.18,66,3,1
67,515016.03,8548548.73,67,1,4
68,514982.79,8548415.76,68,1,4
69,514781.56,8548566.69,69,1,4
70,514774.92,8549228.55,70,1,4
71,514624.84,8549534.58,71,1,4
72,514217.53,8549719.51,72,1,4
73,513522.88,8549078.25,73,1,4
74,513085.82,8549125.80,74,1,4
75,512834.83,8549459.90,75,1,4
76,512834.83,8549670.21,76,1,4
77,512953.84,8549909.67,77,1,4
78,513109.14,8549948.28,78,1,4
79,513132.20,8549697.63,79,1,4
80,513313.96,8549592.48,80,1,4
81,513527.25,8549814.24,81,1,4
82,513953.83,8549987.82,82,1,4
83,513581.64,8550391.82,83,1,4
84,513028.00,8550399.75,84,1,4
85,513169.90,8550146.44,85,1,4
86,513101.64,8549968.44,86,1,4
87,512525.37,8550083.11,87,1,4
88,512567.82,8550373.75,88,1,4
89,512403.01,8550526.43,89,1,4
90,512282.82,8550453.07,90,1,4
91,512084.64,8550737.07,91,1,4
92,511836.55,8550738.75,92,1,4
93,512007.79,8550408.51,93,1,4
94,511790.36,8550129.87,94,1,4
95,511542.87,8550102.43,95,1,4
96,511343.82,8550185.80,96,1,4
97,511134.26,8550496.69,97,1,4
98,511087.81,8550932.68,98,1,4
99,511593.83,8551810.63,99,1,4
100,511327.83,8552441.17,100,1,4
101,511330.68,8552658.10,101,1,4
102,511534.56,8552687.95,102,1,4
103,511737.81,8552828.14,103,1,4
104,511966.83,8552631.88,104,1,4
105,512121.83,8552628.05,105,1,4
106,511830.83,8553002.01,106,1,4
107,512248.61,8553220.70,107,1,4
108,512508.97,8553218.62,108,1,4
109,513138.38,8552305.29,182,1,4
110,513206.38,8552080.54,183,1,4
111,513155.15,8551692.20,184,1,4
112,513531.55,8551451.33,185,1,4
113,513961.73,8551542.55,186,1,4
114,514447.67,8551526.90,187,1,4
115,514451.81,8552121.33,188,1,4
116,514333.01,8552268.55,189,1,4
117,514042.98,8552195.39,190,1,4
118,513700.97,8552222.12,191,1,4
119,513247.61,8552454.35,192,1,4
120,512594.84,8553333.65,109,1,4
121,512609.82,8553434.26,110,1,4
122,512495.01,8553551.80,111,1,4
123,512264.84,8553643.33,112,1,4
124,512358.84,8553727.57,113,1,4
125,512612.82,8554334.27,114,1,4
126,512836.82,8554498.86,115,1,4
127,512996.82,8554530.07,116,1,4
128,513131.83,8554454.65,117,1,4
129,513213.81,8553895.13,118,1,4
130,513672.83,8554200.77,119,1,4
131,513916.28,8554195.72,120,1,4
132,514016.24,8553974.98,121,1,4
133,513815.15,8553746.75,122,1,4
134,513804.82,8553317.34,123,1,4
135,514177.11,8553448.74,124,1,4
136,514398.82,8553817.78,125,1,4
137,514318.15,8554278.55,126,1,4
138,514186.21,8554417.84,127,1,4
139,513712.96,8554504.61,128,1,4
140,513562.83,8554330.87,129,1,4
141,513322.83,8554340.58,130,1,4
142,513361.84,8554605.74,131,1,4
143,513603.56,8554777.07,132,1,4
144,513114.86,8554887.95,133,1,4
145,513101.82,8554594.87,134,1,4
146,512573.70,8554587.46,135,1,4
147,512570.38,8555230.12,136,1,4
148,512789.84,8555443.57,137,1,4
149,512721.31,8555887.26,138,1,4
150,512860.08,8556107.18,139,1,4
151,512753.76,8556234.36,140,1,4
152,512637.01,8557002.68,141,1,4
153,512800.79,8557151.87,142,1,4
154,512900.82,8556968.66,143,1,4
155,513280.81,8556949.94,144,1,4
156,513490.37,8556791.42,145,1,4
157,513592.54,8556631.81,146,1,4
158,513932.82,8555975.99,147,1,4
159,514073.14,8555990.56,148,1,4
160,513535.67,8556794.05,149,1,4
161,513122.21,8557456.07,150,1,4
162,512783.82,8557688.82,151,1,4
163,512778.82,8557813.94,152,1,4
164,512538.83,8557767.58,153,1,4
165,512462.83,8557948.29,154,1,4
166,512244.49,8558002.45,155,1,4
167,511987.84,8557940.89,156,1,4
168,511902.82,8558055.99,157,1,4
169,512057.83,8558057.27,158,1,4
170,512221.83,8558311.52,159,1,4
171,511883.80,8558546.35,160,1,4
172,511774.95,8558571.20,161,1,4
173,511695.84,8559030.93,162,1,4
174,510933.84,8559873.05,163,1,4
175,510736.84,8560386.89,164,1,4
176,510796.84,8560623.01,165,1,4
177,510470.84,8560996.96,166,1,4
178,510383.06,8561711.96,167,2,3
179,510720.80,8561917.64,168,2,3
180,510949.05,8562279.20,169,2,3
181,511624.22,8562660.45,170,2,3
182,512168.38,8562625.36,171,1,2
183,512416.08,8562229.42,172,1,2
184,512509.70,8562036.57,173,1,2
185,512727.22,8562061.57,174,1,2
186,512601.91,8562275.54,175,1,2
187,512520.82,8562647.16,176,1,2
188,512250.11,8562928.62,177,1,2
189,512313.87,8563184.61,178,1,2
190,512426.34,8563200.00,179,1,2
191,512389.92,8563705.57,180,1,2
192,512657.82,8563981.74,181,1,2
