515005.66 8548815.07, 515158.057 8550260.322, 516609.103 8550227.221, 515898.467 8551997.043, 515701.684 8554089.745, 515714.942 8556337.476, 514497.785 8558413.814, 513418.464 8558057.341, 512172.777 8559795.188, 511291.699 8560841.977, 511017.436 8562351.549, 513206.649 8552899.219, 513516.089 8549363.513, 514278.737 8559859.578, 513575.999 8555493.386, 512811.92 8550930.292, 
515005.8376925162 8548814.83038459, 515158.2688648386 8550260.011912249, 516608.88706044946 8550226.581396518, 515898.33156931994 8551996.324474111, 515701.9258971244 8554089.074778618, 515715.63828230515 8556337.143971816, 514497.8583499724 8558413.074402474, 513418.8847963572 8558056.628302671, 512172.12538037397 8559794.725573348, 511290.98861844745 8560842.264895668, 511016.9609510089 8562352.041659718, 513207.2228169638 8552899.174021333, 513516.3952850551 8549363.893664243, 514279.0024126698 8559859.912330681, 513576.47593793 8555493.51405709, 512812.4274102857 8550930.385029899, 
515006.01541287213 8548814.590789827, 515158.48078859615 8550259.70186476, 516608.67142213613 8550225.941691414, 515898.19774397963 8551995.605647499, 515702.1673793234 8554088.404407626, 515716.3352569949 8556336.813399516, 514497.9323382658 8558412.334868532, 513419.30616008176 8558055.915940637, 512171.47416974016 8559794.262570914, 511290.2773248735 8560842.550530607, 511016.48092010786 8562352.52946652, 513207.79658889264 8552899.128471777, 513516.7012431388 8549364.274591338, 514279.26916179934 8559860.245596029, 513576.9528630805 8555493.642161768, 512812.93487716484 8550930.477750592, 
515006.193161103 8548814.351215743, 515158.6927785427 8550259.391862525, 516608.4561331524 8550225.301868659, 515898.0654750776 8551994.886532864, 515702.4084661983 8554087.733894361, 515717.03289298696 8556336.484225117, 514498.0069725604 8558411.595399506, 513419.72811962455 8558055.203931367, 512170.82336366345 8559793.798999997, 511289.5651979844 8560842.83408159, 511015.9963692279 8562353.012783792, 513208.37031789153 8552899.082384638, 513517.0068811725 8549364.655775273, 514279.537172206 8559860.57784791, 513577.4297752614 8555493.77031472, 512813.4423953646 8550930.570189962, 
515006.3709372655 8548814.111662384, 515158.9048419757 8550259.081910554, 516608.2412395428 8550224.661913004, 515897.93471069477 8551994.167143125, 515702.64917730563 8554087.063246107, 515717.7311571702 8556336.156385379, 514498.082259559 8558410.855996648, 513420.15070079896 8558054.492290862, 512170.1729599361 8559793.334864741, 511288.8523143533 8560843.115724618, 511015.5077244434 8562353.491961645, 513208.94400616974 8552899.035793353, 513517.31220676313 8549365.03720952, 514279.8063718008 8559860.90913701, 513577.9066743586 8555493.898516351, 512813.94995992247 8550930.66237445, 
515006.54874143883 8548813.872129817, 515159.11698621605 8550258.772013886, 516608.0190951016 8550224.024438024, 515897.8053962965 8551993.44749133, 515702.88953207 8554086.392470058, 515718.4300146002 8556335.829812178, 514498.15820510057 8558410.11666114, 513420.57392668666 8558053.781033592, 512169.5229591341 8559792.870165374, 511288.1387483945 8560843.395634405, 511015.0153788876 8562353.967336228, 513209.5176560264 8552898.98873137, 513517.61722818034 8549365.418887049, 514280.0766915961 8559861.239512702, 513578.38356033736 8555494.026766773, 512814.45756618393 8550930.754329024, 
515006.7265737249 8548813.632618118, 515159.3292186034 8550258.462177578, 516607.7973012744 8550223.386840971, 515897.6774751372 8551992.727590574, 515703.12954970356 8554085.721573304, 515719.12942872394 8556335.504432943, 514498.2348142643 8558409.377394103, 513420.9978175252 8558053.070172414, 512168.87336515135 8559792.404897492, 511287.4245723626 8560843.673983937, 511014.5196955301 8562354.439229384, 513210.09126983595 8552898.941232044, 513517.9219543281 8549365.800800359, 514280.34806570684 8559861.569022918, 513578.86043324514 8555494.155065788, 512814.96520979964 8550930.846077155, 
515006.90443424927 8548813.39312739, 515159.54154649196 8550258.15240671, 516607.57587328093 8550222.749116778, 515897.5508886638 8551992.00745393, 515703.3692491313 8554085.050562795, 515719.8293616297 8556335.18017118, 514498.3120914614 8558408.638196597, 513421.4223905808 8558052.35971849, 512168.22418570396 8559791.939051392, 511286.7098563694 8560843.95094407, 511014.02100979217 8562354.90794857, 513210.6648500329 8552898.893328536, 513518.22639471194 8549366.182941502, 514280.62043134525 8559861.897714034, 513579.33729321405 8555494.283412885, 512815.472886722 8550930.93764081, 
515007.0823231617 8548813.153657746, 515159.75397724594 8550257.842706373, 516607.354823704 8550222.111261318, 515897.42557691265 8551991.287094377, 515703.6086489235 8554084.379445326, 515720.5297743178 8556334.856947064, 514498.3900405132 8558407.899069637, 513421.8476600127 8558051.64968119, 512167.5754327991 8559791.472611457, 511285.9946684115 8560844.22668317, 511013.5196319852 8562355.373786993, 513211.2383990966 8552898.845053699, 513518.53055940155 8549366.56530212, 514280.89372881124 8559862.22563077, 513579.8141404625 8555494.411807233, 512815.9805932019 8550931.029040432, 
515007.2602406365 8548812.914209321, 515159.9665182345 8550257.533081677, 516607.1341622693 8550221.473271478, 515897.3014788989 8551990.566524738, 515703.8477672352 8554083.708227513, 515721.23062698747 8556334.53467808, 514498.46866471384 8558407.16001419, 513422.2736367339 8558050.940067993, 512166.9271231639 8559791.005555613, 511285.27907440305 8560844.501366772, 511013.0158495686 8562355.837023884, 513211.8119195356 8552898.796439972, 513518.8344589892 8549366.947873475, 514281.16790147795 8559862.552816097, 513580.2909752965 8555494.54024768, 512816.4883257842 8550931.12029494, 
515007.43818687304 8548812.67478227, 515160.17917682696 8550257.223537743, 516606.91389566206 8550220.835145216, 515897.1785329933 8551989.84575763, 515704.08662175224 8554083.036915783, 515721.9318793328 8556334.213279711, 514498.5479668772 8558406.421031183, 513422.7003282776 8558050.23088439, 512166.279278631 8559790.537854848, 511284.56313820754 8560844.775157258, 511012.50992922555 8562356.2979249, 513212.38541387225 8552898.747519279, 513519.1381045444 8549367.330646485, 514281.4428957739 8559862.879311161, 513580.76779811014 8555494.668732746, 512816.99608130386 8550931.211421734, 
515007.6161620965 8548812.435376767, 515160.39196038706 8550256.9140797, 516606.6940273838 8550220.1968816, 515897.05667728535 8551989.124805408, 515704.3252296454 8554082.365516355, 515722.63349084323 8556333.892666157, 514498.62794936774 8558405.6821215, 513423.1277386772 8558049.522133794, 512165.6319264783 8559790.06947281, 511283.84692166303 8560845.04821353, 511012.00211876235 8562356.756742593, 513212.9588846268 8552898.698322916, 513519.44150756556 8549367.713611767, 514281.71866116213 8559863.205155205, 513581.2446093855 8555494.797260622, 512817.5038568807 8550931.302436698, 
515007.7941665579 8548812.195993003, 515160.60487626767 8550256.604712682, 516606.47455765196 8550219.558480833, 515896.93584993074 8551988.403680127, 515704.563607531 8554081.694035228, 515723.3354211009 8556333.572751049, 514498.7086141157 8558404.943285987, 513423.56725041603 8558048.820823243, 512164.98509972094 8559789.600365477, 511283.1304845975 8560845.32069068, 511011.4926488367 8562357.21371692, 513213.5323343023 8552898.648881456, 513519.74467992847 8549368.096759675, 514281.9951501163 8559863.530385505, 513581.7214096922 8555494.925829183, 512818.0116499145 8550931.393354217, 
515007.97220053466 8548811.956631187, 515160.81793180463 8550256.295441827, 516606.255483344 8550218.919944262, 515896.8159894815 8551987.682393504, 515704.80177143926 8554081.022478178, 515724.0376300698 8556333.253448173, 514498.78996261733 8558404.204525445, 513424.0075741349 8558048.120022217, 512164.3388373531 8559789.13048092, 511282.4138848293 8560845.592739644, 511010.98173452384 8562357.669075796, 513214.1057653695 8552898.599224636, 513520.04763383314 8549368.48008034, 514282.2723180948 8559863.855037322, 513582.198199686 8555495.054435983, 512818.51945807907 8550931.484187186, 
515008.15026433085 8548811.717291554, 515161.03113431035 8550255.98627227, 516606.0367979864 8550218.28127438, 515896.6970351977 8551986.960956883, 515705.0397367895 8554080.350850744, 515724.74007837055 8556332.934672158, 514498.8719959207 8558403.46584063, 513424.4486432798 8558047.419690106, 512163.69318453857 8559788.659759149, 511281.6971781506 8560845.86450683, 511010.46957672865 8562358.123035634, 513214.6791802518 8552898.54938127, 513520.35038174875 8549368.863563716, 514282.5501235131 8559864.179143848, 513582.67498010723 8555495.183078267, 512819.02727931633 8550931.57494704, 
515008.3283582775 8548811.477974355, 515161.2444910672 8550255.67720914, 516605.8184917876 8550217.642474797, 515896.5789273397 8551986.239381207, 515705.27751837234 8554079.679158228, 515725.4427275356 8556332.616339134, 514498.95471459994 8558402.727232251, 513424.8903872729 8558046.719783468, 512163.0481927467 8559788.188132036, 511280.9804182912 8560846.136133725, 511009.9563634528 8562358.575801881, 513215.25258131133 8552898.499379136, 513520.6529363577 8549369.247199623, 514282.82852771366 8559864.50273617, 513583.1517517784 8555495.311752977, 512819.5351118296 8550931.665643781, 
515008.5064827327 8548811.238679864, 515161.45800932025 8550255.36825756, 516605.60055171285 8550217.003550211, 515896.46160744043 8551985.517677, 515705.5151303389 8554079.007405689, 515726.14660057466 8556332.300721474, 514499.03811871755 8558401.988700958, 513425.332732747 8558046.020256815, 512162.40391983127 8559787.715523368, 511280.26365686196 8560846.407756478, 511009.44227092585 8562359.027569536, 513215.8259708355 8552898.449244896, 513520.95531049947 8549369.630977787, 514283.10749493487 8559864.825843241, 513583.62851560145 8555495.440456763, 512820.04295407626 8550931.756286006, 
515008.68463808205 8548810.999408372, 515161.67169626977 8550255.059422635, 516605.38296159875 8550216.364506358, 515896.3450185567 8551984.79585434, 515705.75258619577 8554078.335597953, 515726.85050907545 8556331.98518291, 514499.12220777833 8558401.250247339, 513425.7301156817 8558045.294244515, 512161.7604300478 8559787.241848962, 511279.5469432773 8560846.679505449, 511008.9274646083 8562359.478523633, 513216.39935102384 8552898.399003996, 513521.25751711446 8549370.014887884, 514283.386992278 8559865.14849185, 513584.1052725548 8555495.569185993, 512820.5508047604 8550931.846880944, 
515008.86282473855 8548810.760160193, 515161.8855590631 8550254.750709452, 516605.1657023027 8550215.72534996, 515896.22910549864 8551984.073922845, 515705.98989880655 8554077.663739601, 515727.5544423424 8556331.6696996, 514499.2069806762 8558400.51187191, 513426.1283469572 8558044.5686972, 512161.11779400427 8559786.767016929, 511278.8303246576 8560846.95150475, 511008.41210007493 8562359.928839676, 513216.9727239763 8552898.348680584, 513521.5595691888 8549370.398919582, 514283.6669896728 8559865.470706606, 513584.58202368947 8555495.697936771, 512821.0586628243 8550931.937434506, 
515009.04104314273 8548810.520935662, 515162.09960478626 8550254.442123074, 516604.94875188416 8550215.086088654, 515896.11381503724 8551983.351891661, 515706.2270803986 8554076.991834987, 515728.258389781 8556331.354247913, 514499.292435636 8558399.773575108, 513426.52752746723 8558043.843671698, 512160.47608853906 8559786.29092803, 511278.1138457145 8560847.223871764, 511007.89632378565 8562360.37868405, 513217.5460916824 8552898.298297431, 513521.86147970066 8549370.783062581, 514283.9474598415 8559865.792509923, 513585.05877012527 8555495.826704947, 512821.56652743946 8550932.027951317, 
515009.2192937628 8548810.281735135, 515162.3138404549 8550254.133668536, 516604.73208581255 8550214.446730915, 515895.9990960883 8551982.629769454, 515706.4641425747 8554076.31988823, 515728.96234096616 8556331.038804587, 514499.42279854487 8558399.04187146, 513426.9277502567 8558043.119221026, 512159.83539651876 8559785.81347617, 511277.3975486207 8560847.496716665, 511007.38027375116 8562360.828214364, 513218.11945601116 8552898.24787586, 513522.1632615682 8549371.16730665, 514284.228378261 8559866.113922013, 513585.53551304643 8555495.955486136, 512822.0743979975 8550932.118434777, 
515009.3975770946 8548810.042558989, 515162.52827300504 8550253.825350834, 516604.51567719737 8550213.807285989, 515895.8848998723 8551981.907564396, 515706.7010963294 8554075.647903232, 515729.66628570756 8556330.723346882, 514499.5557611639 8558398.310635753, 513427.3290984793 8558042.395393243, 512159.195806548 8559785.334549021, 511276.6814728702 8560847.770141948, 511006.8640800996 8562361.277579756, 513218.6928187029 8552898.197435675, 513522.46492759977 8549371.55164167, 514284.50972312334 8559866.434960887, 513586.01225369726 8555496.084275728, 512822.58227409987 8550932.208887113, 
515009.57589366153 8548809.803407619, 515162.742909283 8550253.517174924, 516604.29949703556 8550213.167763792, 515895.7711800496 8551981.185284171, 515706.9379520686 8554074.97588368, 515730.3702141103 8556330.407852719, 514499.6912940554 8558397.579872075, 513427.7316434529 8558041.67223033, 512158.5574125819 8559784.854028795, 511275.96565513266 8560848.044241989, 511006.34786555124 8562361.726921143, 513219.2661813616 8552898.146995116, 513522.7664904473 8549371.936057655, 514284.79147529404 8559866.755642356, 513586.48899337713 8555496.213068916, 512823.09015554725 8550932.299309433, 
515009.75424401445 8548809.564281445, 515162.9577560353 8550253.20914571, 516604.08351447165 8550212.528174834, 515895.6578928292 8551980.46293597, 515707.1586407761 8554074.29838282, 515731.07411663095 8556330.092300814, 514499.829366047 8558396.849583883, 513428.13544284774 8558040.949767109, 512157.9203134326 8559784.371793149, 511275.25012910925 8560848.319102637, 511005.8317458065 8562362.176371418, 513219.8395454494 8552898.096570803, 513523.06796256214 8549372.3205448, 514285.0736182683 8559867.075980041, 513586.96573343565 8555496.3418607, 512823.5980423285 8550932.389701787, 
515009.93262873153 8548809.325180905, 515163.17281989765 8550252.90126804, 516603.8676970662 8550211.888530128, 515895.5449970513 8551979.740526484, 515707.37930115464 8554073.620872734, 515731.7779841287 8556329.776670795, 514499.9699448179 8558396.119774094, 513428.5405390337 8558040.22803022, 512157.28461216035 8559783.887716258, 511274.5349253953 8560848.594800867, 511005.31582985446 8562362.62605561, 513220.41291228187 8552898.04617771, 513523.3693561547 8549372.705093501, 514285.3561381246 8559867.395985385, 513587.4424752675 8555496.470645921, 512824.1059346089 8550932.48006324, 
515010.1110484182 8548809.086106459, 515163.3881073837 8550252.593546702, 516603.6520110691 8550211.2488411, 515895.4324542417 8551979.018061927, 515707.5999014439 8554072.94334308, 515732.4818079115 8556329.460943308, 514500.1129974558 8558395.390445182, 513428.9469576095 8558039.507037155, 512156.6504153426 8559783.401670026, 511273.8055814706 8560848.830561988, 511004.8002202074 8562363.076090978, 513220.98628302536 8552897.995829135, 513523.6706831573 8549373.089694383, 514285.6390234754 8559867.715667678, 513587.91922030726 8555496.599419266, 512824.6236782238 8550932.572142927, 
515010.2895037067 8548808.847058587, 515163.60362487356 8550252.285986407, 516603.43642169336 8550210.609119501, 515895.32022863877 8551978.295548027, 515707.8204067754 8554072.265782516, 515733.1855797771 8556329.145100113, 514500.28479129897 8558394.667346576, 513429.3547061282 8558038.786795389, 512156.01783221285 8559782.91352545, 511273.0764370498 8560849.066939399, 511004.28501306823 8562363.526587088, 513221.5596586954 8552897.945536695, 513523.9718412954 8549373.474427506, 514285.9222654151 8559868.035034072, 513588.395970024 8555496.728175294, 512825.1414284015 8550932.664185707, 
515010.4679952557 8548808.608037788, 515163.8193786018 8550251.978591787, 516603.22089338687 8550209.969377324, 515895.20828719257 8551977.572990049, 515708.04077907663 8554071.588178674, 515733.8892920492 8556328.829124164, 514500.45775236527 8558393.944526276, 513429.76377302955 8558038.06730159, 512155.38697366737 8559782.423154121, 511272.3474837639 8560849.303905584, 511003.77029843745 8562363.977645831, 513222.1330401571 8552897.89531033, 513524.27299943357 8549373.85916063, 514286.20585746417 8559868.354089616, 513588.87272591604 8555496.856908455, 512825.65970459045 8550932.753218912, 
515010.6465237505 8548808.369044583, 515164.03537464485 8550251.671367384, 516603.00539009925 8550209.329626719, 515895.0965995357 8551976.850392798, 515708.26097698393 8554070.91051814, 515734.5929376086 8556328.51299968, 514500.63190662925 8558393.221992532, 513430.1741267834 8558037.348540952, 512154.7579511391 8559781.930429855, 511271.61871041666 8560849.541424582, 511003.2561601672 8562364.429361427, 513222.7064281264 8552897.845158309, 513524.5741575717 8549374.243893754, 514286.48979550984 8559868.672837285, 513589.3494895054 8555496.985613106, 512826.1780048492 8550932.84211189, 
515010.82508990186 8548808.130079513, 515164.2516189086 8550251.364317646, 516602.7898755416 8550208.689879911, 515894.98513792816 8551976.127760643, 515708.4809557647 8554070.232786441, 515735.2965099197 8556328.196712207, 514500.8072808487 8558392.499753928, 513430.58571524563 8558036.630486641, 512154.13087534317 8559781.43523041, 511270.8901028523 8560849.779451646, 511002.74267597013 8562364.881820397, 513223.2798231735 8552897.795087276, 513524.87531570985 8549374.628626877, 514286.77407774265 8559868.99127802, 513589.8262623327 8555497.114283532, 512826.696334827 8550932.930831412, 
515011.0036944461 8548807.891143138, 515164.4681171152 8550251.057446908, 516602.5743134371 8550208.050149122, 515894.8738771762 8551975.405097537, 515708.70066724706 8554069.55496804, 515736.00000305264 8556327.880248662, 514500.98390252923 8558391.777819375, 513430.99846522574 8558035.91309936, 512153.50585490407 8559780.937439295, 511270.1616438612 8560850.017933017, 511002.22991739097 8562365.335101524, 513223.85322572704 8552897.745102279, 513525.176473848 8549375.013360001, 514287.0587045886 8559869.309410773, 513590.3030459514 8555497.242913965, 512827.2147002448 8550933.019343633, 
515011.18233814446 8548807.652236033, 515164.68487479014 8550250.75075939, 516602.35866776115 8550207.410446499, 515894.76279452856 8551974.682407033, 515708.920059757 8554068.87704633, 515736.7034117008 8556327.563597377, 514501.1617998496 8558391.056198101, 513431.41228226275 8558035.19632707, 512152.8829948813 8559780.4369476, 511269.43341668486 8560850.257121323, 511001.71794975083 8562365.789275805, 513224.42663607997 8552897.695206832, 513525.47763198614 8549375.398093125, 514287.3436786369 8559869.62723255, 513590.77984192304 8555497.371498602, 512827.7331068696 8550933.10761419, 
515011.3610217823 8548807.4133588, 515164.90189724875 8550250.444259183, 516602.14290296956 8550206.770784043, 515894.6727759063 8551973.956791729, 515709.1390780624 8554068.199003631, 515737.4067311944 8556327.246748118, 514501.3410015431 8558390.33489964, 513431.82705060724 8558034.480104843, 512152.26239521615 8559779.933655838, 511268.70521689864 8560850.496393004, 511001.2068320724 8562366.2444064, 513225.00005439617 8552897.645402987, 513525.7787901243 8549375.782826249, 514287.6290045623 8559869.944738464, 513591.2566518116 8555497.500031622, 512828.25156048883 8550933.195608305, 
515011.5397461687 8548807.174512053, 515165.1191895829 8550250.137950245, 516601.92698421434 8550206.13117354, 515894.58283077687 8551973.231167313, 515709.35766332294 8554067.520821204, 515738.1099575098 8556326.92969211, 514501.52153673134 8558389.613933785, 513432.2426334074 8558033.764354892, 512151.6441491302 8559779.42747571, 511267.97700725653 8560850.735634688, 511000.6966169963 8562366.700548612, 513225.5727623479 8552897.588004462, 513526.0799482624 8549376.167559372, 514287.9146890427 8559870.261921799, 513591.7334771785 8555497.62850721, 512828.77006688283 8550933.28329091, 
515011.71851213573 8548806.935696425, 515165.33675664756 8550249.831836384, 516601.7108775456 8550205.491626505, 515894.4930001625 8551972.50552871, 515709.5757530471 8554066.842479263, 515738.8130872749 8556326.612422042, 514501.7034347066 8558388.89331055, 513432.65887309844 8558033.048986752, 512151.02834151266 8559778.918331798, 511267.2487462579 8560850.974719996, 511000.1873506987 8562367.157749858, 513226.14549601806 8552897.530863134, 513526.3811064006 8549376.552292496, 514288.2007406715 8559870.578774061, 513592.21031957766 8555497.756919568, 512829.2787706744 8550933.368965952, 
515011.89732053765 8548806.696912566, 515165.55889983766 8550249.529026993, 516601.4945500992 8550204.852154113, 515894.40332721255 8551971.779870607, 515709.79328105506 8554066.163956983, 515739.51611777046 8556326.294932066, 514501.88672466035 8558388.173040107, 513433.07559199724 8558032.333897656, 512150.41504733876 8559778.406163076, 511266.52038815175 8560851.213509308, 510999.67907281936 8562367.616049692, 513226.71825385565 8552897.473964559, 513526.6822645387 8549376.93702562, 514288.4871698638 8559870.895285053, 513592.6871805505 8555497.885262936, 512829.7875362027 8550933.454273615, 
515012.07617225003 8548806.458161147, 515165.78129710275 8550249.226404157, 516601.27797027025 8550204.212767156, 515894.31385708065 8551971.05418747, 515710.0101774501 8554065.485232538, 515740.21904692746 8556325.977217786, 514502.07143535675 8558387.453132698, 513433.49259310635 8558031.618973093, 512149.8043301675 8559777.890924217, 511265.791882969 8560851.451849537, 510999.1499563626 8562368.050124474, 513227.29103426484 8552897.417293655, 513526.98351607384 8549377.321685616, 514288.77398875763 8559871.211442944, 513593.1640616211 8555498.013531607, 512830.2963687548 8550933.53918059, 
515012.255068169 8548806.21944285, 515166.00394872087 8550248.92396841, 516601.06110787106 8550203.573475983, 515894.2246367938 8551970.328473572, 515710.2263685978 8554064.806283124, 515740.92187332024 8556325.659276243, 514502.25759475125 8558386.733598545, 513433.9096611326 8558030.904087566, 512149.2098068977 8559777.357080957, 511265.06317658036 8560851.689573884, 510998.6224809971 8562368.486191992, 513227.8638356156 8552897.36083481, 513527.2848069902 8549377.706314769, 514289.06121110945 8559871.527234348, 513593.64096429176 8555498.141719945, 512830.80527351383 8550933.6236537, 
515012.4340092101 8548805.980758375, 515166.22685472394 8550248.621720105, 516600.8439342737 8550202.934290461, 515894.1357151175 8551969.602723025, 515710.44177711726 8554064.127085002, 515741.62459615566 8556325.34110588, 514502.44522955606 8558386.014447728, 513434.3265637291 8558030.189105552, 512148.61757410294 8559776.820697827, 511264.3342107768 8560851.92650156, 510998.0966763654 8562368.924272612, 513228.42670414463 8552897.3055495, 513527.5861442453 8549378.090907618, 514289.34885218344 8559871.842644403, 513594.1178900382 8555498.269822402, 512831.3142555362 8550933.707660018, 
515012.61299630755 8548805.742108434, 515166.45001489774 8550248.319659416, 516600.62642253714 8550202.295219926, 515894.04714242043 8551968.876929805, 515710.65632188454 8554063.447613545, 515742.32721525757 8556325.022706507, 514502.63436475635 8558385.295690054, 513434.74305296846 8558029.47388267, 512148.027621259 8559776.281808056, 511263.6049233689 8560852.162437446, 510997.5725668366 8562369.364379806, 513228.9895897017 8552897.25043783, 513527.8875347378 8549378.475458749, 514289.6369286361 8559872.15765686, 513594.59484030533 8555498.397833534, 512831.82331973006 8550933.791166944, 
515012.79203041294 8548805.503493756, 515166.673428782 8550248.01778633, 516600.4085475182 8550201.656273153, 515893.9589705402 8551968.151087783, 515710.86991805333 8554062.767843293, 515743.0297310472 8556324.704079252, 514502.82502308325 8558384.577334905, 513435.158867056 8558028.75826706, 512147.4399260642 8559775.740457058, 511262.8752483054 8560852.397171697, 510997.05017110426 8562369.806519875, 513229.5524907034 8552897.195484132, 513528.18898526893 8549378.859962815, 514289.92545839486 8559872.47225417, 513595.0718165033 8555498.525748013, 512832.33247083536 8550933.874142315, 
515012.9711124942 8548805.264915083, 515166.8970956715 8550247.716100655, 516600.1902859666 8550201.017458314, 515893.8712526535 8551967.425190756, 515711.08247709565 8554062.087748026, 515743.732630028 8556324.386298217, 514503.017224452 8558383.859391069, 513435.57373228925 8558028.042100951, 512146.85445465206 8559775.19670181, 511262.1451158089 8560852.630479228, 510996.52950182883 8562370.250691742, 513230.115405573 8552897.14067267, 513528.49050250207 8549379.24441458, 514290.21446053195 8559872.78641759, 513595.54882000317 8555498.653560642, 512832.8417134051 8550933.956554484, 
515013.1502435342 8548805.026373167, 515167.1210146171 8550247.414602015, 516599.9716166037 8550200.378782956, 515893.7840431509 8551966.699232478, 515711.2939068667 8554061.407300841, 515744.4354261854 8556324.068289846, 514503.21098537603 8558383.14186656, 513435.9873652669 8558027.325222429, 512146.2711619798 8559774.650610058, 511261.4144525317 8560852.862119125, 510996.0105653336 8562370.696886828, 513230.6783327491 8552897.085987747, 513528.7920929221 8549379.628808932, 514290.5039551335 8559873.100127274, 513596.0258521332 8555498.781266375, 512833.3510517884 8550934.038372401, 
515013.3294245297 8548804.787868772, 515167.34518442774 8550247.113289852, 516599.7999230288 8550199.725909445, 515893.6973975178 8551965.973206682, 515711.5041116994 8554060.72647425, 515745.1381193615 8556323.750053985, 514503.40631837025 8558382.424768422, 513436.39947534516 8558026.607467359, 512145.6775702319 8559774.115731211, 511260.68318173464 8560853.091833921, 510995.49336136295 8562371.145089008, 513231.2412706941 8552897.031413792, 513529.0937627936 8549380.013140937, 514290.7939631641 8559873.413362382, 513596.50291417533 8555498.908860322, 512833.8604901155 8550934.119565697, 
515013.5086564898 8548804.549402675, 515167.5696036728 8550246.812163422, 516599.6155354377 8550199.076506859, 515893.61137222056 8551965.247107124, 515711.71299253363 8554060.045240285, 515745.84070998995 8556323.431591786, 514503.6032313582 8558381.708102535, 513436.8097673313 8558025.888671461, 512145.08610334137 8559773.578503642, 511259.9512234943 8560853.319348758, 510994.9778829114 8562371.595274644, 513231.8042179017 8552896.976935465, 513529.39551811904 8549380.397405852, 514291.0845063279 8559873.726101186, 513596.98000736156 8555499.036337767, 512834.37003228435 8550934.200104747, 
515013.6879404346 8548804.310975658, 515167.79427068465 8550246.511221804, 516599.43112044083 8550198.427112054, 515893.5260245976 8551964.520927599, 515711.9204470854 8554059.363570623, 515746.54319907795 8556323.112905664, 514503.80172710086 8558380.991873411, 513437.2179443957 8558025.168672476, 512144.49669164716 8559773.03902204, 511259.21849494905 8560853.544370413, 510994.4641161289 8562372.047412714, 513232.3671729039 8552896.922537744, 513529.6973645975 8549380.781599168, 514291.37560692657 8559874.038321191, 513597.45713287086 8555499.163694179, 512834.8796819496 8550934.279960737, 
515013.8672773937 8548804.072588515, 515168.0191835625 8550246.210463893, 516599.24671087204 8550197.777715707, 515893.4414127531 8551963.794661975, 515712.12637006276 8554058.68143673, 515747.24558817997 8556322.793999232, 514504.00180266454 8558380.276083997, 513437.62371117226 8558024.447312387, 512143.9092554792 8559772.497389976, 511258.48491059296 8560853.766586207, 510993.9520403084 8562372.501465019, 513232.9301342774 8552896.868205998, 513529.9993075836 8549381.165716643, 514291.667287714 8559874.349999243, 513597.93429182615 8555499.290925223, 512835.3894425131 8550934.35910572, 
515014.0466684046 8548803.834242042, 515168.2443401757 8550245.909888405, 516599.06234127755 8550197.128308011, 515893.3575954522 8551963.068304224, 515712.330653434 8554057.998810021, 515747.94787936396 8556322.474877225, 514504.2034489472 8558379.560735485, 513438.033762971 8558023.728379441, 512143.323705944 8559771.953718856, 511257.75038263464 8560853.985662779, 510993.4416279574 8562372.957386473, 513233.4931006494 8552896.813926069, 513530.30135204794 8549381.549754325, 514291.95957175054 8559874.661111655, 513598.41148529144 8555499.418026773, 512835.89931711653 8550934.437512664, 
515014.2261145111 8548803.595937047, 515168.46973816847 8550245.609493883, 516598.87804781256 8550196.478878707, 515893.27463201404 8551962.341848452, 515712.5331867542 8554057.315662034, 515748.65007517074 8556322.155545404, 514504.4066502811 8558378.845827144, 513438.4413335103 8558023.008036945, 512142.7399457487 8559771.408126904, 511257.0148214371 8560854.20124476, 510992.93284495565 8562373.41512548, 513234.0560707025 8552896.759684334, 513530.60350253945 8549381.933708595, 514292.25248225516 8559874.97163432, 513598.8887142694 8555499.544994919, 512836.4093086359 8550934.515155504, 
515014.4056167615 8548803.35767434, 515168.6953749646 8550245.309278693, 516598.69386812294 8550195.829417126, 515893.1925821997 8551961.615288923, 515712.73385755654 8554056.631964624, 515749.35217856814 8556321.836010458, 514504.611384129 8558378.131356172, 513438.8462146825 8558022.286179416, 512142.1578700374 8559770.860738184, 511256.27813606197 8560854.412953343, 510992.4256507962 8562373.874624366, 513234.6190431791 8552896.705467757, 513530.9057631493 8549382.317576183, 514292.5460424583 8559875.28154285, 513599.3659796989 8555499.671825975, 512836.91941967787 8550934.592009164, 
515014.5851762069 8548803.119454734, 515168.921247773 8550245.009241031, 516598.50984121015 8550195.17991224, 515893.11150609254 8551960.888620095, 515712.93255181244 8554055.947690181, 515750.05419290054 8556321.516279884, 514504.81762088934 8558377.417317577, 513439.24821607565 8558021.562714187, 512141.57736721856 8559770.3116817, 511255.5402349428 8560854.620384788, 510991.9199989067 8562374.335819885, 513235.1820168849 8552896.651263945, 513531.2081374781 8549382.7013542, 514292.8507141563 8559875.580534566, 513599.84328245313 8555499.798516497, 512837.4296525777 8550934.668049604, 
515014.76479389943 8548802.881279042, 515169.1473535932 8550244.709378926, 516598.3260072801 8550194.530352704, 515893.0314639669 8551960.161836648, 515713.12915446656 8554055.26281186, 515750.75256341527 8556321.188666716, 514505.02532382193 8558376.703704089, 513439.647168558 8558020.837563187, 512140.9983197634 8559769.761090575, 511254.80102671625 8560854.823108897, 510991.4158370453 8562374.79864378, 513235.7449906921 8552896.597061187, 513531.5106286055 8549383.085040163, 514293.1560378294 8559875.87886047, 513600.3206233376 8555499.925063277, 512837.9400093988 8550934.743253829, 
515014.9444708903 8548802.643148081, 515169.3736892222 8550244.409690242, 516598.14240757417 8550193.880726926, 515892.9525161417 8551959.434933517, 515713.32355004875 8554054.577303817, 515751.4507736708 8556320.860712143, 514505.2344491019 8558375.990506126, 513440.04292757687 8558020.110664394, 512140.4206049607 8559769.209101308, 511254.06042124494 8560855.0206675, 510990.9131077627 8562375.263023376, 513236.30796354153 8552896.542848483, 513531.81323906354 8549383.468632018, 514293.462027517 8559876.176503211, 513600.8013913235 8555500.03789302, 512838.45049193397 8550934.817599922, 
515015.1242082277 8548802.405062666, 515169.60025126085 8550244.110172685, 516597.95908418327 8550193.231023118, 515892.8747228163 8551958.707905926, 515713.51562336565 8554053.891141476, 515752.14883959154 8556320.532450458, 514505.4449460062 8558375.277711784, 513440.43537605484 8558019.381972931, 512139.844095616 8559768.655853154, 511253.3183308666 8560855.212573042, 510990.4173086468 8562375.734794907, 513236.8709344445 8552896.488615569, 513532.11597081396 8549383.852128156, 514293.7686962833 8559876.473446233, 513601.28065201885 8555500.156962719, 512838.9611017075 8550934.891067054, 
515015.3040069549 8548802.167023608, 515169.82703612145 8550243.810823807, 516597.77607984294 8550192.58122937, 515892.79814388533 8551957.980749417, 515713.70526027156 8554053.204301784, 515752.84677736834 8556320.203916406, 514505.6567572305 8558374.565306896, 513440.8244267781 8558018.651461747, 512139.26866068883 8559768.10148758, 511252.5746719068 8560855.398307309, 510989.922523226 8562376.207629476, 513237.43390248384 8552896.434352936, 513532.41882522916 8549384.23552743, 514294.07605617365 8559876.769673828, 513601.75997927855 8555500.275764173, 512839.47183997877 8550934.963635495, 
515015.4838681083 8548801.929031717, 515170.05404003535 8550243.511641009, 516597.5934377103 8550191.93133372, 515892.72283873043 8551957.253459891, 515713.892348517 8554052.516763488, 515753.54460321966 8556319.875144687, 514505.8850206276 8558373.858001772, 513441.21002419334 8558017.919121873, 512138.69416586444 8559767.546147829, 511251.8293664939 8560855.577320458, 510989.4286874328 8562376.681455763, 513237.9968668148 8552896.380051844, 513532.72180307773 8549384.61882917, 514294.3841181763 8559877.065171193, 513602.2393725004 8555500.394299172, 512839.9827077469 8550935.03528662, 
515015.6637927152 8548801.691087792, 515170.2812590612 8550243.212621547, 516597.411201122 8550191.281324238, 515892.64886598644 8551956.526033638, 515714.07677867 8554051.828507403, 515754.24233315996 8556319.54616947, 514506.11439437827 8558373.151055947, 513441.59214555327 8558017.184962269, 512138.12047406135 8559766.989978557, 511251.0823447083 8560855.749030441, 510988.93573682406 8562377.156202894, 513238.559826665 8552896.325704318, 513533.0249045145 8549385.002033189, 514294.6928921896 8559877.359924478, 513602.7188310297 8555500.512569735, 512840.49370575586 8550935.106002921, 
515015.84378179145 8548801.45319263, 515170.5086890935 8550242.913762543, 516597.22941333323 8550190.631189095, 515892.57628328144 8551955.798467372, 515714.2584451028 8554051.139516672, 515754.93998277927 8556319.217023952, 514506.3448317617 8558372.44445611, 513441.9708013801 8558016.449009268, 512137.5474458786 8559766.433125574, 511250.33354709635 8560855.912823, 510988.4436070046 8562377.631800814, 513239.12278133415 8552896.271303149, 513533.3281290751 8549385.385139788, 514295.0023869957 8559877.653920831, 513603.1983541626 8555500.630578091, 512841.0048345008 8550935.175768001, 
515016.02383633953 8548801.215347018, 515170.7363258717 8550242.615060985, 516597.0481172384 8550189.980916668, 515892.5051469496 8551955.070758266, 515714.43724703346 8554050.44977702, 515755.6375670357 8556318.887739928, 514506.5762836927 8558371.738187945, 513442.3460352457 8558015.711305667, 512136.9749399906 8559765.875735627, 511249.5829275614 8560856.068052445, 510987.95223402086 8562378.108180633, 513239.68573019357 8552896.216841895, 513533.63147567556 8549385.768149761, 514295.31261024 8559877.947148437, 513603.6779411491 8555500.748326678, 512841.51609423466 8550935.244566582, 
515016.2039573462 8548800.977551732, 515170.9641649894 8550242.316513736, 516596.86735507345 8550189.330495616, 515892.43551171786 8551954.342903985, 515714.6130896094 8554049.759276979, 515756.33510006306 8556318.558347398, 514506.80869957694 8558371.032236407, 513442.71792289586 8558014.97190954, 512136.40281349875 8559765.317956261, 511248.81748192327 8560856.027817618, 510987.4615547243 8562378.585274931, 513240.248672685 8552896.162314856, 513533.9349426158 8549386.151064396, 514295.62356841663 8559878.239596555, 513604.1575911965 8555500.865818122, 512842.0274849755 8550935.312384503, 
515016.3841457802 8548800.739807535, 515171.19220190414 8550242.01811754, 516596.6871681017 8550188.679914985, 515892.36743036745 8551953.614902714, 515714.789951981 8554049.06903744, 515757.03259499476 8556318.228874208, 514507.0420281881 8558370.326586014, 513443.08657077193 8558014.230892805, 512135.830922253 8559764.7599357, 511248.05357468384 8560855.96479702, 510986.97150710155 8562379.06301803, 513240.81160831935 8552896.10771707, 513534.2385275887 8549386.533885457, 514295.93526686006 8559878.531255553, 513604.63730347273 8555500.98305523, 512842.53900651395 8550935.37920872, 
515016.5644025898 8548800.502115175, 515171.4204319473 8550241.719869034, 516596.5075962844 8550188.02916429, 515892.3009533724 8551952.88675319, 515714.9639345475 8554048.378066394, 515757.7300638039 8556317.899345722, 514507.27621854766 8558369.621221147, 513443.45211400243 8558013.48833964, 512135.2591211563 8559764.201822763, 511247.2919545157 8560855.878422339, 510986.48203057126 8562379.54134623, 513241.374536675 8552896.05304429, 513534.542227693 8549386.916615188, 514296.2477097427 8559878.82211692, 513605.1170771096 8555501.100040976, 512843.0506584211 8550935.445027305, 
515016.7447287009 8548800.264475387, 515171.6488503344 8550241.42176475, 516596.328677938 8550187.378233626, 515892.23612851906 8551952.158454722, 515715.13497395447 8554047.686360937, 515758.42751716013 8556317.569784531, 514507.5112207889 8558368.916126356, 513443.8147139521 8558012.744344793, 512134.6872644663 8559763.643766789, 511246.5334031963 8560855.7683053, 510985.9930662471 8562380.020198014, 513241.9374573959 8552895.998292955, 513534.8460394505 8549387.299256295, 514296.5609000778 8559879.112173302, 513605.596911206 8555501.21677849, 512843.5624400566 8550935.509829449, 
515016.9251250142 8548800.026888885, 515171.8774521758 8550241.123801125, 516596.1504493822 8550186.727113757, 515892.1730005109 8551951.430007212, 515715.3030136767 8554046.993920635, 515759.1249643024 8556317.24021019, 514507.74698698905 8558368.211286645, 513444.1745554236 8558011.999011867, 512134.1152061112 8559763.085917542, 511245.7787141423 8560855.63425196, 510985.50455716794 8562380.499514215, 513242.5003701896 8552895.94346018, 513535.1499588275 8549387.681811929, 514296.87483972835 8559879.401418502, 513606.0768048314 8555501.333271047, 512844.07435057685 8550935.57360546, 
515017.1055924032 8548799.789356368, 515172.106232487 8550240.82597451, 516595.97294458083 8550186.07579621, 515892.11161056376 8551950.701411169, 515715.46800452756 8554046.300747542, 515759.8224129274 8556316.910638986, 514507.98347195523 8558367.506687768, 513444.5318436089 8558011.252451615, 512133.5428000335 8559762.528425097, 511245.02866945404 8560855.476268316, 510985.0164484964 8562380.979238162, 513243.063274825 8552895.888543716, 513535.45398125995 8549388.064285668, 514297.18952942063 8559879.689847501, 513606.5567570284 8555501.449522052, 512844.58638894337 8550935.636346765, 
515017.2876233667 8548799.553019946, 515172.33518620004 8550240.528281175, 516595.79619478184 8550185.424273368, 515892.0519959984 8551949.972667713, 515715.62990514206 8554045.606846172, 515760.5198690927 8556316.58108374, 514508.22063395206 8558366.802316483, 513444.88680088235 8558010.504780304, 512132.96990057715 8559761.971439678, 511244.2840174436 8560855.29455632, 510984.5286876864 8562381.459315794, 513243.6261711297 8552895.833541928, 513535.75810168195 8549388.446681496, 514297.504968763 8559879.977456456, 513607.03676681616 8555501.56553503, 512845.09855393117 8550935.698045919, 
515017.46971154184 8548799.316727603, 515172.56430817384 8550240.230717324, 516595.62022816 8550184.772538567, 515892.0135044262 8551949.242503814, 515715.78868243156 8554044.912223475, 515761.2173371335 8556316.251553627, 514508.4584353628 8558366.098160813, 513445.23966352263 8558009.756118154, 512132.3963629319 8559761.415111436, 511243.54545267334 8560855.08950036, 510984.04122462316 8562381.939695751, 513244.1890589877 8552895.778453764, 513536.06231455714 8549388.829003777, 514297.82115626894 8559880.264242703, 513607.5168331933 8555501.681313615, 512845.61084413726 8550935.758696599, 
515017.6518572545 8548799.080479609, 515172.79359320574 8550239.933279099, 516595.4450694696 8550184.120586164, 515891.9769884765 8551948.512238448, 515715.94431200565 8554044.216888769, 515761.9148195929 8556315.922054034, 514508.69684327685 8558365.394210257, 513445.5906784367 8558009.00658791, 512131.82204364636 8559760.859590147, 511242.8136002706 8560854.861645304, 510983.55401173566 8562382.42032944, 513244.7519383367 8552895.723278724, 513536.36661391315 8549389.21125723, 514298.13808938436 8559880.550204746, 513607.99695514044 8555501.79686154, 512846.1232579891 8550935.818293618, 
515017.83406079584 8548798.844276212, 515173.02303604246 8550239.635962587, 516595.2707397129 8550183.468411617, 515891.9424059887 8551947.781878967, 515716.09677855816 8554043.520853663, 515762.61231716466 8556315.592586432, 514508.9358300004 8558364.690455992, 513445.94009994925 8558008.256313518, 512131.24680121936 8559760.305024827, 511242.0890057482 8560854.611668017, 510983.0670040857 8562382.901171088, 513245.31480916514 8552895.668016829, 513536.670993378 8549389.593446897, 514298.45576451824 8559880.835342256, 513608.47713162284 8555501.912182627, 512846.63579375314 8550935.876832929, 
515018.01632242155 8548798.608117633, 515173.252631391 8550239.338763833, 516595.0972558315 8550182.816011552, 515891.9097097848 8551947.051432611, 515716.24607621314 8554042.824131962, 515763.30982864765 8556315.263148282, 514509.17537348747 8558363.986891044, 513446.28818670806 8558007.505418941, 512130.67049677507 8559759.751563236, 511241.3721308684 8560854.340344828, 510982.5801594343 8562383.382177768, 513245.8776715095 8552895.612668587, 513536.97544621845 8549389.975578116, 514298.7741770769 8559881.119656049, 513608.9573615929 8555502.027280772, 512847.14844954334 8550935.93431163, 
515018.1986423514 8548798.372004062, 515173.4823739299 8550239.041678846, 516594.92463042866 8550182.163383806, 515891.87884819426 8551946.320906444, 515716.3922088272 8554042.126739549, 515764.0073509128 8556314.933732962, 514509.41545769194 8558363.283510426, 513446.6351987433 8558006.754027097, 512130.0929948251 8559759.199351283, 511240.66335538676 8560854.04851751, 510982.0934382882 8562383.86330942, 513246.44052545156 8552895.557234963, 513537.2799653802 8549390.357656486, 514299.09332150087 8559881.403148072, 513609.43764399254 8555502.142159943, 512847.66122332995 8550935.990727976, 
515018.3810207683 8548798.135935664, 515173.7122583199 8550238.74470361, 516594.75287152914 8550181.510527479, 515891.8497655931 8551945.59030729, 515716.535190244 8554041.428694254, 515764.70487888163 8556314.60432972, 514509.65607284143 8558362.58031126, 513446.9813947091 8558006.002258908, 512129.5141641141 8559758.6485323, 511239.96298392606 8560853.737060156, 510981.60680392827 8562384.344528852, 513247.003371115 8552895.501717348, 513537.58454352873 8549390.739687836, 514299.41319130437 8559881.685821379, 513609.9179777549 8555502.256824166, 512848.174112948 8550936.046081387, 
