Dist	TrNo	X,m	Y,m	Z,m	TD, ns	Hice	Amplitud de la señal	Bed,m
58,8	0	511735,177	8563365,609	511,387318	662,244311	54,9663	0	456,421018
70	0	511728,4369	8563356,667	511,291451	683,892038	56,763	0	454,528451
86,8	0	511718,2172	8563343,335	511,414798	709,147719	58,8593	0	452,555498
107,1	0	511706,0522	8563327,087	511,497413	739,613643	61,3879	0	450,109513
124,6	0	511695,5937	8563313,058	511,541941	755,840916	62,7348	0	448,807141
147,7	0	511681,9179	8563294,446	511,725276	774,772735	64,3061	0	447,419176
172,2	0	511667,0767	8563274,957	511,632821	791,000008	65,653	0	445,979821
186,2	0	511658,6168	8563263,805	511,584296	801,81819	66,5509	0	445,033396
205,1	0	511647,0808	8563248,839	511,401569	812,636372	67,4488	0	443,952769
220,5	0	511637,7372	8563236,601	511,170217	826,159099	68,5712	0	442,599017
237,3	0	511627,4343	8563223,336	510,932207	839,681827	69,6936	0	441,238607
252,7	0	511617,8743	8563211,268	510,635385	855,9091	71,0405	0	439,594885
270,9	0	511606,6376	8563196,959	510,241495	866,727282	71,9384	0	438,303095
287,7	0	511596,3156	8563183,712	509,82747	882,954555	73,2852	0	436,54227
305,2	0	511585,4441	8563170,008	509,385065	899,181828	74,6321	0	434,752965
324,8	0	511573,5756	8563154,423	508,857993	910,00001	75,53	0	433,327993
340,9	0	511564,115	8563141,408	508,375298	923,522737	76,6524	0	431,722898
359,8	0	511552,8367	8563126,26	507,673933	928,931828	77,1013	0	430,572633
381,5	0	511539,7032	8563109,006	506,908952	947,863647	78,6727	0	428,236252
407,4	0	511523,799	8563088,588	506,014212	958,681828	79,5706	0	426,443612
425,6	0	511512,5295	8563074,318	505,282339	980,318192	81,3664	0	423,915939
445,9	0	511499,8292	8563058,502	504,513866	993,84092	82,4888	0	422,025066
465,5	0	511487,7488	8563043,09	503,742923	1004,659102	83,3867	0	420,356223
487,2	0	511474,2258	8563026,145	502,823518	1015,477284	84,2846	0	418,538918
508,2	0	511461,2009	8563009,696	501,99225	1026,295466	85,1825	0	416,80975
522,9	0	511452,1151	8562998,16	501,371638	1020,886375	84,7336	0	416,638038
539,7	0	511441,6714	8562985,022	500,665328	1018,181829	84,5091	0	416,156228
557,2	0	511430,8657	8562971,274	500,020059	1010,068193	83,8357	0	416,184359
573,3	0	511420,9947	8562958,571	499,456208	1010,068193	83,8357	0	415,620508
594,3	0	511408,026	8562942,078	498,655146	1012,772738	84,0601	0	414,595046
607,6	0	511399,8227	8562931,618	498,278018	1012,772738	84,0601	0	414,217918
623,7	0	511389,7439	8562919,074	497,762841	1029,000011	85,407	0	412,355841
646,1	0	511376,0075	8562901,393	497,15414	1020,886375	84,7336	0	412,42054
667,8	0	511362,7013	8562884,264	496,523965	1015,477284	84,2846	0	412,239365
693	0	511347,4052	8562864,249	495,937985	1007,363647	83,6112	0	412,326785
711,2	0	511336,1815	8562849,927	495,703812	1001,954556	83,1622	0	412,541612
731,5	0	511324,0974	8562833,622	495,663081	1001,954556	83,1622	0	412,500881
748,3	0	511313,8741	8562820,298	495,96294	1001,954556	83,1622	0	412,80074
763,7	0	511304,298	8562808,255	496,572055	1032,954552	85,7352	0	410,836855
776,3	0	511296,4569	8562798,413	497,165771	1036,306824	86,0135	0	411,152271
793,1	0	511285,9111	8562785,375	498,143851	1022,897733	84,9005	0	413,243351
808,5	0	511276,2845	8562773,396	499,110197	1006,13637	83,5093	0	415,600897
824,6	0	511266,263	8562760,84	500,130313	999,431824	82,9528	0	417,177513
840,7	0	511256,3683	8562748,189	501,220075	992,727279	82,3964	0	418,823675
857,5	0	511246,0748	8562734,955	502,266831	992,727279	82,3964	0	419,870431
872,9	0	511236,7363	8562722,74	503,052927	986,022733	81,8399	0	421,213027
877,8	0	511233,843	8562718,795	503,323888	935,738642	77,6663	0	425,657588
893,2	0	511224,8392	8562706,33	504,127047	905,568187	75,1622	0	428,964847
914,9	0	511211,8519	8562688,973	505,045581	868,693187	72,1015	0	432,944081
926,8	0	511204,6947	8562679,48	505,507328	858,636369	71,2668	0	434,240528
938	0	511198,0965	8562670,441	505,915061	848,579551	70,4321	0	435,482961
952,7	0	511189,4094	8562658,596	506,442833	805,000005	66,815	0	439,627833
964,6	0	511182,0749	8562649,233	506,821173	751,363641	62,3632	0	444,457973
976,5	0	511174,4581	8562640,098	507,154959	711,136368	59,0243	0	448,130659
989,8	0	511165,9992	8562629,849	507,616163	667,556822	55,4072	0	452,208963
1007,3	0	511154,9431	8562616,301	508,235877	603,86364	50,1207	0	458,115177
1018,5	0	511147,8488	8562607,651	508,745113	553,579549	45,9471	0	462,798013
1032,5	0	511139,0716	8562596,769	509,425458	476,477275	39,5476	0	469,877858
1046,5	0	511130,5727	8562585,674	510,191957	429,545457	35,6523	0	474,539657
1065,4	0	511119,2299	8562570,629	511,612426	382,613638	31,7569	0	479,855526
1081,5	0	511109,491	8562557,885	512,97147	345,738638	28,6963	0	484,27517
1097,6	0	511099,7117	8562545,165	514,29251	318,920456	26,4704	0	487,82211
1115,1	0	511089,15	8562531,338	516,141152	265,284092	22,0186	0	494,122552
1129,8	0	511080,3911	8562519,705	518,13881	238,46591	19,7927	0	498,34611
1146,6	0	511070,8206	8562506,049	520,143331	215,000001	17,845	0	502,298331
1161,3	0	511062,3016	8562494,117	521,190779	191,534092	15,8973	0	505,293479
1173,2	0	511055,462	8562484,427	522,133911	174,772728	14,5061	0	507,627811
1191,4	0	511045,7507	8562469,094	523,436253	155,681813	12,9216	0	510,514653
1203,3	0	511039,5574	8562458,964	524,203286	171,249994	14,2137	0	509,989586
1215,2	0	511033,1804	8562448,943	524,891245	174,36363	14,4722	0	510,419045
1231,3	0	511024,6421	8562435,321	525,703949	196,159084	16,2812	0	509,422749
1248,1	0	511015,8998	8562420,99	526,291176	211,727265	17,5734	0	508,717776
1262,1	0	511008,4584	8562409,139	526,644431	205,499993	17,0565	0	509,587931
1277,5	0	511000,1307	8562396,19	526,817611	202,386357	16,7981	0	510,019511
1299,2	0	510988,4058	8562377,937	527,007541	217,954538	18,0902	0	508,917341
1312,5	0	510980,6501	8562367,135	526,940704	245,977264	20,4161	0	506,524604
1334,9	0	510967,4493	8562349,043	526,892202	264,659082	21,9667	0	504,925502
1358,7	0	510954,5957	8562329,024	526,689609	292,681808	24,2926	0	502,397009
1374,8	0	510946,5775	8562315,076	526,669864	311,363626	25,8432	0	500,826664
1386	0	510941,2924	8562305,204	526,606812	342,499988	28,4275	0	498,179312
1403,5	0	510932,4672	8562290,099	526,542934	354,954533	29,4612	0	497,081734
1429,4	0	510918,0949	8562268,56	526,408332	373,636351	31,0118	0	495,396532
1451,1	0	510905,5356	8562250,871	526,254707	392,318168	32,5624	0	493,692307
1477,7	0	510890,3327	8562229,06	526,087113	410,999986	34,113	0	491,974113
1505,7	0	510876,2149	8562204,887	526,173372	451,477257	37,4726	0	488,700772
1526,7	0	510865,5443	8562186,803	526,209479	488,840892	40,5738	0	485,635679
1542,8	0	510857,2071	8562173,032	526,23205	544,886345	45,2256	0	481,00645
1556,8	0	510849,884	8562161,103	526,173825	597,818161	49,6189	0	476,554925
1570,1	0	510842,7617	8562149,874	526,13976	647,636341	53,7538	0	472,38596
1583,4	0	510835,7452	8562138,576	526,131944	697,454521	57,8887	0	468,243244
1606,5	0	510823,759	8562118,834	525,900754	734,818156	60,9899	0	464,910854
1636,6	0	510808,4601	8562092,974	525,23118	741,045429	61,5068	0	463,72438
1656,9	0	510797,9675	8562075,668	525,244507	747,272701	62,0236	0	463,220907
1683,5	0	510784,6947	8562052,629	524,821556	741,045429	61,5068	0	463,314756
1718,5	0	510768,7334	8562021,493	524,177343	759,727246	63,0574	0	461,119943
1738,1	0	510760,1634	8562003,873	523,824887	772,181791	64,0911	0	459,733787
1757	0	510752,3902	8561986,653	523,550765	793,977245	65,9001	0	457,650665
1780,8	0	510742,9597	8561964,811	523,215719	831,34088	69,0013	0	454,214419
1799,7	0	510735,7897	8561947,33	522,874225	853,136334	70,8103	0	452,063925
1824,9	0	510726,463	8561923,926	522,458192	868,704515	72,1025	0	450,355692
1846,6	0	510718,983	8561903,56	522,239956	890,499969	73,9115	0	448,328456
1865,5	0	510712,1531	8561885,942	522,028138	917,681833	76,1676	0	445,860538
1889,3	0	510703,4509	8561863,795	521,695864	938,636379	77,9068	0	443,789064
1914,5	0	510694,242	8561840,344	521,323602	980,545471	81,3853	0	439,938302
1939	0	510685,8146	8561817,347	520,955541	1011,97729	83,9941	0	436,961441
1965,6	0	510676,2843	8561792,523	520,534628	1038,170473	86,1681	0	434,366528
1981	0	510670,3823	8561778,305	520,27222	1017,215927	84,4289	0	435,84332
1996,4	0	510664,2202	8561764,197	520,058752	993,642062	82,4723	0	437,586452
2013,9	0	510656,9066	8561748,308	519,602809	962,210243	79,8634	0	439,739409
2031,4	0	510649,6043	8561732,411	519,198188	936,017061	77,6894	0	441,508788
2045,4	0	510643,7058	8561719,723	518,812547	912,443197	75,7328	0	443,079747
2061,5	0	510637,0901	8561705,062	518,133567	891,488651	73,9936	0	444,139967
2080,4	0	510629,5585	8561687,751	517,293065	875,772741	72,6891	0	444,603965
2096,5	0	510623,4149	8561672,896	516,451538	846,960241	70,2977	0	446,153838
