Dist	TrNo	X,m	Y,m	Z,m	TD, ns	Hice	Amplitud de la señal	Bed,m
44,1	0	512803,8806	8554407,732	545,613238	104,715907	8,6914	0	536,921838
47,7	0	512803,3105	8554404,203	545,187837	107,471588	8,9201	0	536,267737
49,5	0	512802,9924	8554402,444	544,977909	115,738634	9,6063	0	535,371609
54	0	512802,2472	8554398,04	544,427848	121,249997	10,0637	0	534,364148
56,7	0	512801,8359	8554395,392	544,098789	126,761361	10,5212	0	533,577589
59,4	0	512801,4674	8554392,738	543,767123	137,784088	11,4361	0	532,331023
63	0	512800,9559	8554389,203	543,327568	146,051133	12,1222	0	531,205368
65,7	0	512800,5286	8554386,555	543,016686	162,585223	13,4946	0	529,522086
72	0	512799,5212	8554380,379	542,294116	179,119314	14,8669	0	527,427216
76,5	0	512798,9083	8554375,953	541,765232	195,653404	16,2392	0	525,526032
81	0	512798,3124	8554371,527	541,219882	212,187495	17,6116	0	523,608282
86,4	0	512797,5919	8554366,213	540,590292	231,477267	19,2126	0	521,377692
91,8	0	512796,9566	8554360,883	540,003917	250,76704	20,8137	0	519,190217
99	0	512796,0243	8554353,789	539,210136	261,789767	21,7285	0	517,481636
103,5	0	512795,4602	8554349,356	538,678968	275,568175	22,8722	0	515,806768
109,8	0	512794,6734	8554343,144	537,996109	281,079539	23,3296	0	514,666509
117	0	512793,7903	8554336,048	537,161777	289,346584	24,0158	0	513,145977
122,4	0	512793,008	8554330,743	536,539559	297,613629	24,7019	0	511,837659
129,6	0	512792,2769	8554323,643	535,649771	305,880675	25,3881	0	510,261671
134,1	0	512791,6991	8554319,214	535,10802	314,14772	26,0743	0	509,03372
136,8	0	512791,3667	8554316,548	534,836625	316,903402	26,303	0	508,533625
140,4	0	512790,981	8554312,992	534,442388	322,414765	26,7604	0	507,681988
146,7	0	512790,2846	8554306,778	533,69645	336,193174	27,904	0	505,79245
153,9	0	512789,4576	8554299,671	532,896133	344,460219	28,5902	0	504,305933
159,3	0	512788,9125	8554294,335	532,281193	355,482946	29,5051	0	502,776093
164,7	0	512788,2638	8554289,006	531,699679	358,238628	29,7338	0	501,965879
170,1	0	512787,7214	8554283,667	531,103391	366,505673	30,42	0	500,683391
175,5	0	512787,0453	8554278,343	530,504318	385,795445	32,021	0	498,483318
180	0	512786,515	8554273,899	530,038289	391,306809	32,4785	0	497,559789
187,2	0	512785,6512	8554266,785	529,350085	402,329536	33,3934	0	495,956685
193,5	0	512784,8215	8554260,585	528,615909	416,107945	34,537	0	494,078909
198,9	0	512784,1729	8554255,257	528,02347	427,130672	35,4518	0	492,57167
205,2	0	512783,3496	8554249,048	527,35626	438,153399	36,3667	0	490,98956
212,4	0	512782,4247	8554241,95	526,579788	438,153399	36,3667	0	490,213088
216,9	0	512781,8277	8554237,513	526,128243	446,420444	37,0529	0	489,075343
220,5	0	512781,4013	8554233,961	525,72772	446,420444	37,0529	0	488,67482
227,7	0	512780,5068	8554226,854	525,003052	446,420444	37,0529	0	487,950152
236,7	0	512779,4023	8554217,959	524,213783	451,931808	37,5103	0	486,703483
243,9	0	512778,3966	8554210,854	523,644747	460,198853	38,1965	0	485,448247
250,2	0	512777,6086	8554204,628	523,106765	471,22158	39,1114	0	483,995365
256,5	0	512776,9028	8554198,387	522,61386	484,999989	40,255	0	482,35886
266,4	0	512775,7063	8554188,593	521,824652	498,778397	41,3986	0	480,426052
271,8	0	512775,0632	8554183,255	521,324878	504,289761	41,856	0	479,468878
277,2	0	512774,4062	8554177,92	520,810934	515,312488	42,7709	0	478,040034
281,7	0	512773,9	8554173,47	520,384426	523,579533	43,4571	0	476,927326
286,2	0	512773,4117	8554169,019	519,944375	529,090897	43,9145	0	476,029875
289,8	0	512772,9601	8554165,464	519,598802	540,113624	44,8294	0	474,769402
296,1	0	512772,2819	8554159,238	518,932173	551,136351	45,7443	0	473,187873
299,7	0	512771,8626	8554155,685	518,528432	556,647714	46,2018	0	472,326632
304,2	0	512771,3063	8554151,244	518,067329	573,181805	47,5741	0	470,493229
309,6	0	512770,8085	8554145,902	517,45841	581,44885	48,2603	0	469,19811
317,7	0	512769,9635	8554137,897	516,574447	581,44885	48,2603	0	468,314147
324	0	512769,3714	8554131,664	515,882778	581,44885	48,2603	0	467,622478
329,4	0	512768,7629	8554126,336	515,2539	581,44885	48,2603	0	466,9936
333	0	512768,3756	8554122,781	514,846008	584,204532	48,489	0	466,357008
337,5	0	512767,8449	8554118,338	514,371151	586,960213	48,7177	0	465,653451
342,9	0	512767,1656	8554113,008	513,868691	584,204532	48,489	0	465,379691
348,3	0	512766,6647	8554107,665	513,266159	581,44885	48,2603	0	465,005859
355,5	0	512765,8754	8554100,552	512,480788	578,693168	48,0315	0	464,449288
359,1	0	512765,4772	8554096,99	512,154673	578,693168	48,0315	0	464,123173
363,6	0	512765,0032	8554092,54	511,696458	578,693168	48,0315	0	463,664958
370,8	0	512764,0683	8554085,452	510,863363	578,693168	48,0315	0	462,831863
374,4	0	512763,61	8554081,901	510,496415	578,693168	48,0315	0	462,464915
380,7	0	512762,8867	8554075,682	509,801194	578,693168	48,0315	0	461,769694
387,9	0	512762,0392	8554068,578	508,997837	578,693168	48,0315	0	460,966337
394,2	0	512761,2428	8554062,374	508,244321	575,937486	47,8028	0	460,441521
398,7	0	512760,7539	8554057,935	507,704633	575,937486	47,8028	0	459,901833
404,1	0	512760,2738	8554052,601	507,016447	573,181805	47,5741	0	459,442347
408,6	0	512759,8328	8554048,151	506,518135	575,937486	47,8028	0	458,715335
412,2	0	512759,4298	8554044,602	506,07133	575,937486	47,8028	0	458,26853
416,7	0	512758,9185	8554040,163	505,541214	578,693168	48,0315	0	457,509714
422,1	0	512758,3127	8554034,835	504,91187	578,693168	48,0315	0	456,88037
426,6	0	512757,8072	8554030,391	504,419436	581,44885	48,2603	0	456,159136
431,1	0	512757,2552	8554025,958	503,889948	584,204532	48,489	0	455,400948
436,5	0	512756,6499	8554020,631	503,256859	578,693168	48,0315	0	455,225359
441,9	0	512756,0227	8554015,309	502,593	584,204532	48,489	0	454,104
448,2	0	512755,3543	8554009,091	501,837068	586,960213	48,7177	0	453,119368
452,7	0	512754,815	8554004,662	501,263658	578,693168	48,0315	0	453,232158
456,3	0	512754,4387	8554001,113	500,79469	578,693168	48,0315	0	452,76319
459,9	0	512754,1359	8553997,551	500,366193	578,693168	48,0315	0	452,334693
466,2	0	512753,5736	8553991,317	499,663689	575,937486	47,8028	0	451,860889
469,8	0	512753,153	8553987,768	499,232962	575,937486	47,8028	0	451,430162
475,2	0	512752,6653	8553982,433	498,561814	573,181805	47,5741	0	450,987714
477,9	0	512752,4174	8553979,768	498,204711	578,693168	48,0315	0	450,173211
482,4	0	512752,0669	8553975,319	497,625508	578,693168	48,0315	0	449,594008
486,9	0	512751,6195	8553970,88	497,046499	578,693168	48,0315	0	449,014999
490,5	0	512751,3055	8553967,322	496,598092	575,937486	47,8028	0	448,795292
495,9	0	512750,8969	8553961,982	495,908617	570,426123	47,3454	0	448,563217
501,3	0	512750,3554	8553956,659	495,195531	559,403396	46,4305	0	448,765031
504,9	0	512750,026	8553953,103	494,744865	564,914759	46,8879	0	447,856965
507,6	0	512749,7015	8553950,446	494,392749	570,426123	47,3454	0	447,047349
511,2	0	512749,3339	8553946,893	493,952309	570,426123	47,3454	0	446,606909
517,5	0	512748,69	8553940,685	493,103394	564,914759	46,8879	0	446,215494
521,1	0	512748,3022	8553937,135	492,648985	564,914759	46,8879	0	445,761085
525,6	0	512747,8079	8553932,697	492,122929	564,914759	46,8879	0	445,235029
531	0	512747,2237	8553927,369	491,479704	567,670441	47,1166	0	444,363104
534,6	0	512746,8901	8553923,812	491,03568	562,159078	46,6592	0	444,37648
539,1	0	512746,3672	8553919,387	490,424335	562,159078	46,6592	0	443,765135
542,7	0	512745,9945	8553915,834	489,978908	562,159078	46,6592	0	443,319708
546,3	0	512745,7026	8553912,267	489,586603	570,426123	47,3454	0	442,241203
551,7	0	512745,134	8553906,94	488,950274	567,670441	47,1166	0	441,833674
556,2	0	512744,6889	8553902,494	488,425144	570,426123	47,3454	0	441,079744
562,5	0	512744,1071	8553896,259	487,735856	570,426123	47,3454	0	440,390456
567,9	0	512743,6453	8553890,912	487,141937	570,426123	47,3454	0	439,796537
572,4	0	512743,1969	8553886,461	486,657452	570,426123	47,3454	0	439,312052
576,9	0	512742,815	8553882,004	486,17677	573,181805	47,5741	0	438,60267
581,4	0	512742,3504	8553877,551	485,734008	573,181805	47,5741	0	438,159908
585,9	0	512741,9563	8553873,094	485,27296	573,181805	47,5741	0	437,69886
588,6	0	512741,7034	8553870,42	485,001119	573,181805	47,5741	0	437,427019
593,1	0	512741,3573	8553865,958	484,53917	575,937486	47,8028	0	436,73637
597,6	0	512740,9674	8553861,5	484,069541	578,693168	48,0315	0	436,038041
602,1	0	512740,5817	8553857,041	483,620702	578,693168	48,0315	0	435,589202
603,9	0	512740,4098	8553855,257	483,450443	581,44885	48,2603	0	435,190143
607,5	0	512740,0556	8553851,694	483,079078	584,204532	48,489	0	434,590078
611,1	0	512739,7772	8553848,125	482,707007	586,960213	48,7177	0	433,989307
615,6	0	512739,3972	8553843,664	482,259459	589,715895	48,9464	0	433,313059
618,3	0	512739,1706	8553840,988	481,994118	589,715895	48,9464	0	433,047718
622,8	0	512738,753	8553836,532	481,539238	597,98294	49,6326	0	431,906638
629,1	0	512738,0507	8553830,301	480,931865	597,98294	49,6326	0	431,299265
635,4	0	512737,4375	8553824,067	480,296964	603,494304	50,09	0	430,206964
639	0	512737,05	8553820,5	480,00763	603,494304	50,09	0	429,91763
642,6	0	512736,7028	8553816,934	479,659818	600,738622	49,8613	0	429,798518
647,1	0	512736,2509	8553812,476	479,24906	597,98294	49,6326	0	429,61646
649,8	0	512735,9723	8553809,801	479,01486	603,494304	50,09	0	428,92486
654,3	0	512735,4931	8553805,346	478,605549	592,471577	49,1751	0	429,430449
658,8	0	512735,0603	8553800,887	478,187027	592,471577	49,1751	0	429,011927
663,3	0	512734,5428	8553796,438	477,787205	595,227259	49,4039	0	428,383305
669,6	0	512733,9198	8553790,198	477,200447	592,471577	49,1751	0	428,025347
675,9	0	512733,3662	8553783,95	476,622689	586,960213	48,7177	0	427,904989
680,4	0	512732,9449	8553779,49	476,230855	586,960213	48,7177	0	427,513155
684,9	0	512732,5094	8553775,028	475,859702	581,44885	48,2603	0	427,599402
689,4	0	512732,0969	8553770,566	475,458311	573,181805	47,5741	0	427,884211
693,9	0	512731,637	8553766,106	475,08029	567,670441	47,1166	0	427,96369
697,5	0	512731,3265	8553762,536	474,75433	562,159078	46,6592	0	428,09513
702	0	512730,7789	8553758,087	474,37242	553,892032	45,973	0	428,39942
707,4	0	512730,2843	8553752,725	473,975868	548,380669	45,5156	0	428,460268
711,9	0	512729,8024	8553748,267	473,606677	542,869305	45,0582	0	428,548477
717,3	0	512729,2273	8553742,916	473,18357	534,60226	44,372	0	428,81157
720	0	512729,0057	8553740,234	472,976352	531,846578	44,1433	0	428,833052
726,3	0	512728,3261	8553733,992	472,489326	534,60226	44,372	0	428,117326
731,7	0	512727,8306	8553728,636	472,038992	534,60226	44,372	0	427,666992
737,1	0	512727,2765	8553723,285	471,599446	529,090897	43,9145	0	427,684946
739,8	0	512727,0084	8553720,608	471,373858	526,335215	43,6858	0	427,688058
743,4	0	512726,6974	8553717,033	471,088127	531,846578	44,1433	0	426,944827
756	0	512725,45	8553704,541	470,026109	526,363633	43,6882	0	426,337909
763,2	0	512724,6549	8553697,407	469,524272	528,63636	43,8768	0	425,647472
766,8	0	512724,2059	8553693,846	469,249335	535,454542	44,4427	0	424,806635
772,2	0	512723,6147	8553688,494	468,84823	542,272724	45,0086	0	423,83963
778,5	0	512722,9685	8553682,25	468,333077	551,363633	45,7632	0	422,569877
783,9	0	512722,4991	8553676,889	467,904481	560,454542	46,5177	0	421,386781
792	0	512721,7643	8553668,856	467,20306	571,818178	47,4609	0	419,74216
799,2	0	512721,249	8553661,703	466,605219	571,818178	47,4609	0	419,144319
815,4	0	512719,5102	8553645,657	465,25776	589,999996	48,97	0	416,28776
825,3	0	512718,7138	8553635,828	464,414898	605,909087	50,2905	0	414,124398
833,4	0	512718,0623	8553627,783	463,7451	612,727269	50,8564	0	412,8887
845,1	0	512716,8788	8553616,181	462,821784	624,090905	51,7995	0	411,022284
854,1	0	512716,0838	8553607,25	462,090542	628,636359	52,1768	0	409,913742
859,5	0	512715,6554	8553601,891	461,609057	630,909087	52,3655	0	409,243557
868,5	0	512715,1446	8553592,942	460,820979	635,454541	52,7427	0	408,078279
873,9	0	512714,7886	8553587,575	460,35419	637,727268	52,9314	0	407,42279
882	0	512714,2148	8553579,524	459,676038	639,999996	53,12	0	406,556038
889,2	0	512713,7641	8553572,372	458,98776	635,454541	52,7427	0	406,24506
899,1	0	512712,834	8553562,552	458,19999	633,181814	52,5541	0	405,64589
909	0	512712,1075	8553552,713	457,399882	626,363632	51,9882	0	405,411682
919,8	0	512711,2104	8553541,998	456,426536	612,727269	50,8564	0	405,570136
930,6	0	512710,3279	8553531,27	455,569411	612,727269	50,8564	0	404,713011
940,5	0	512709,3815	8553521,453	454,723468	596,818178	49,5359	0	405,187568
953,1	0	512708,1942	8553508,957	453,645872	592,272723	49,1586	0	404,487272
959,4	0	512707,6966	8553502,702	453,084834	587,727269	48,7814	0	404,303434
968,4	0	512706,8777	8553493,776	452,293387	587,727269	48,7814	0	403,511987
975,6	0	512706,3084	8553486,638	451,559019	583,181814	48,4041	0	403,154919
982,8	0	512705,569	8553479,522	450,77328	578,63636	48,0268	0	402,74648
994,5	0	512704,5148	8553467,944	449,482999	583,181814	48,4041	0	401,078899
1002,6	0	512703,7814	8553459,945	448,484576	589,999996	48,97	0	399,514576
1008,9	0	512703,1412	8553453,733	447,660689	589,999996	48,97	0	398,690689
1014,3	0	512702,5066	8553448,413	446,994755	599,090905	49,7245	0	397,270255
1022,4	0	512701,6701	8553440,424	445,963038	605,909087	50,2905	0	395,672538
1028,7	0	512701,1293	8553434,212	445,08361	610,454541	50,6677	0	394,41591
1035,9	0	512700,4035	8553427,124	444,048686	617,272723	51,2336	0	392,815086
1044	0	512699,5615	8553419,143	442,959714	624,090905	51,7995	0	391,160214
1049,4	0	512699,0674	8553413,837	442,097379	628,636359	52,1768	0	389,920579
1057,5	0	512698,4826	8553405,86	440,840615	630,909087	52,3655	0	388,475115
1066,5	0	512697,6951	8553397,006	439,440491	626,363632	51,9882	0	387,452291
1077,3	0	512696,7972	8553386,386	437,726187	621,818178	51,6109	0	386,115287
1085,4	0	512696,0173	8553378,441	436,38195	614,999996	51,045	0	385,33695
1093,5	0	512695,4924	8553370,494	434,962095	608,181814	50,4791	0	384,482995
1099,8	0	512694,99	8553364,307	433,895905	601,363632	49,9132	0	383,982705
1107,9	0	512694,0086	8553356,408	432,480683	592,272723	49,1586	0	383,322083
1112,4	0	512693,4945	8553352,014	431,693746	589,999996	48,97	0	382,723746
1117,8	0	512692,9803	8553346,733	430,743557	583,181814	48,4041	0	382,339457
1125	0	512692,3048	8553339,697	429,376176	578,63636	48,0268	0	381,349376
1132,2	0	512691,6747	8553332,646	428,06935	578,63636	48,0268	0	380,04255
1136,7	0	512691,266	8553328,251	427,197606	555,909087	46,1405	0	381,057106
1147,5	0	512690,2458	8553317,713	425,085622	539,999997	44,82	0	380,265622
1152,9	0	512689,8756	8553312,427	424,061545	526,363633	43,6882	0	380,373345
1161	0	512689,0744	8553304,546	422,387867	514,999997	42,745	0	379,642867
1166,4	0	512688,6811	8553299,281	421,283374	508,181815	42,1791	0	379,104274
1176,3	0	512687,8004	8553289,628	419,284395	496,818179	41,2359	0	378,048495
1186,2	0	512686,8829	8553279,989	417,242985	474,090906	39,3495	0	377,893485
1190,7	0	512686,5708	8553275,6	416,312637	460,454543	38,2177	0	378,094937
1197,9	0	512686,0866	8553268,565	414,877291	451,363634	37,4632	0	377,414091
1206	0	512685,5411	8553260,666	413,22554	433,181816	35,9541	0	377,27144
1210,5	0	512685,353	8553256,264	412,322599	419,545452	34,8223	0	377,500299
1216,8	0	512684,8813	8553250,119	411,023088	410,454543	34,0677	0	376,955388
1223,1	0	512684,2112	8553243,995	409,776363	401,363634	33,3132	0	376,463163
1231,2	0	512683,242	8553236,122	408,219435	385,454544	31,9927	0	376,226735
1237,5	0	512682,7471	8553229,958	407,048556	380,909089	31,6155	0	375,433056
1242	0	512682,4934	8553225,54	406,249776	380,909089	31,6155	0	374,634276
1246,5	0	512682,1722	8553221,112	405,51535	380,909089	31,6155	0	373,89985
1249,2	0	512681,9267	8553218,459	405,081199	378,636362	31,4268	0	373,654399
1254,6	0	512681,4019	8553213,156	404,215987	380,909089	31,6155	0	372,600487
1259,1	0	512681,0435	8553208,72	403,551281	383,181816	31,8041	0	371,747181
1265,4	0	512680,5252	8553202,508	402,643857	383,181816	31,8041	0	370,839757
1271,7	0	512680,1134	8553196,283	401,77546	376,363635	31,2382	0	370,53726
1277,1	0	512679,6052	8553190,958	401,049689	378,636362	31,4268	0	369,622889
1281,6	0	512679,1422	8553186,518	400,484121	380,909089	31,6155	0	368,868621
1287	0	512678,8024	8553181,17	399,855385	385,454544	31,9927	0	367,862685
1292,4	0	512678,2767	8553175,83	399,267724	385,454544	31,9927	0	367,275024
1296,9	0	512677,9827	8553171,364	398,802954	387,727271	32,1814	0	366,621554
1302,3	0	512677,5702	8553166,006	398,281873	387,727271	32,1814	0	366,100473
1306,8	0	512677,1307	8553161,555	397,81087	387,727271	32,1814	0	365,62947
1313,1	0	512676,7477	8553155,293	397,243402	392,272725	32,5586	0	364,684802
1317,6	0	512676,4212	8553150,822	396,884735	394,545453	32,7473	0	364,137435
1322,1	0	512675,94	8553146,364	396,540881	396,81818	32,9359	0	363,604981
1325,7	0	512675,6513	8553142,79	396,243617	401,363634	33,3132	0	362,930417
1331,1	0	512675,1524	8553137,428	395,869963	408,181816	33,8791	0	361,990863
1335,6	0	512674,7838	8553132,954	395,579044	414,999998	34,445	0	361,134044
1338,3	0	512674,6436	8553130,266	395,41668	421,81818	35,0109	0	360,40578
1344,6	0	512674,0509	8553124,01	395,089514	428,636361	35,5768	0	359,512714
1346,4	0	512673,8669	8553122,224	394,968446	433,181816	35,9541	0	359,014346
1350,9	0	512673,5546	8553117,74	394,79517	444,545452	36,8973	0	357,89787
1353,6	0	512673,2236	8553115,065	394,666176	455,909088	37,8405	0	356,825676
1358,1	0	512672,8936	8553110,584	394,49426	464,999997	38,595	0	355,89926
1360,8	0	512672,6743	8553107,896	394,396964	469,545452	38,9723	0	355,424664
1365,3	0	512672,1508	8553103,429	394,279797	464,999997	38,595	0	355,684797
1370,7	0	512671,6061	8553098,06	394,127572	465,056817	38,5997	0	355,527872
1373,4	0	512671,4383	8553095,367	394,056604	481,107953	39,932	0	354,124604
1377	0	512671,0784	8553091,788	393,99497	481,107953	39,932	0	354,06297
1378,8	0	512671,0224	8553089,991	393,942122	481,107953	39,932	0	354,010122
1384,2	0	512670,5066	8553084,62	393,845364	481,107953	39,932	0	353,913364
1388,7	0	512670,0508	8553080,145	393,800353	484,31818	40,1984	0	353,601953
1396,8	0	512669,3305	8553072,081	393,696506	484,31818	40,1984	0	353,498106
1404,9	0	512668,6338	8553064,018	393,688445	490,738635	40,7313	0	352,957145
1409,4	0	512668,1382	8553059,547	393,697817	493,948862	40,9978	0	352,700017
1412,1	0	512667,8817	8553056,861	393,69569	500,369316	41,5307	0	352,16499
1416,6	0	512667,5776	8553052,372	393,761972	503,579544	41,7971	0	351,964872
1420,2	0	512667,2528	8553048,787	393,741597	506,789771	42,0635	0	351,678097
1425,6	0	512666,7358	8553043,412	393,772212	519,63068	43,1293	0	350,642912
1429,2	0	512666,4664	8553039,824	393,77209	522,840907	43,3958	0	350,37629
1432,8	0	512666,1093	8553036,242	393,797493	532,471589	44,1951	0	349,602393
1435,5	0	512665,8629	8553033,554	393,826512	548,522725	45,5274	0	348,299112
1440,9	0	512665,3562	8553028,179	393,918931	561,363634	46,5932	0	347,325731
1446,3	0	512664,8974	8553022,8	393,972271	574,204543	47,659	0	346,313271
1450,8	0	512664,5138	8553018,318	394,070177	587,045452	48,7248	0	345,345377
1455,3	0	512664,1237	8553013,84	394,183264	596,676134	49,5241	0	344,659164
1460,7	0	512663,576	8553008,47	394,31147	619,147725	51,3893	0	342,92217
1467,9	0	512662,9925	8553001,296	394,464	625,568179	51,9222	0	342,5418
1471,5	0	512662,6342	8552997,716	394,511518	635,198861	52,7215	0	341,790018
1475,1	0	512662,2849	8552994,133	394,575118	644,829543	53,5209	0	341,054218
1478,7	0	512662,0298	8552990,544	394,675046	667,301133	55,386	0	339,289046
1481,4	0	512661,8182	8552987,854	394,768292	670,511361	55,6524	0	339,115892
1486,8	0	512661,282	8552982,487	394,802942	676,931815	56,1853	0	338,617642
1489,5	0	512661,1273	8552979,793	394,84202	683,35227	56,7182	0	338,12382
1494	0	512660,8383	8552975,304	394,939963	696,193179	57,784	0	337,155963
1498,5	0	512660,4627	8552970,82	394,975559	702,613633	58,3169	0	336,658659
1503,9	0	512659,9927	8552965,442	395,095268	715,454542	59,3827	0	335,712568
1507,5	0	512659,6557	8552961,858	395,080136	725,085224	60,1821	0	334,898036
1511,1	0	512659,3972	8552958,269	395,141619	734,715906	60,9814	0	334,160219
1515,6	0	512659,0029	8552953,787	395,199508	744,346587	61,7808	0	333,418708
1519,2	0	512658,6939	8552950,201	395,251566	753,977269	62,5801	0	332,671466
1522,8	0	512658,4469	8552946,61	395,32301	757,187496	62,8466	0	332,47641
1528,2	0	512658,0464	8552941,226	395,364506	766,818178	63,6459	0	331,718606
1532,7	0	512657,6199	8552936,748	395,41124	776,44886	64,4453	0	330,96594
1537,2	0	512657,2333	8552932,266	395,475164	789,289769	65,511	0	329,964164
1541,7	0	512656,9149	8552927,785	395,550531	795,710223	66,0439	0	329,506631
1545,3	0	512656,6164	8552924,199	395,578397	798,920451	66,3104	0	329,267997
1549,8	0	512656,1472	8552919,725	395,671553	811,76136	67,3762	0	328,295353
1551,6	0	512655,9928	8552917,932	395,662651	824,602269	68,442	0	327,220651
1554,3	0	512655,7983	8552915,24	395,692814	827,812496	68,7084	0	326,984414
1557,9	0	512655,5548	8552911,65	395,725442	837,443178	69,5078	0	326,217642
1561,5	0	512655,2681	8552908,064	395,807353	843,863632	70,0407	0	325,766653
1566	0	512654,9177	8552903,578	395,856972	850,284087	70,5736	0	325,283372
1568,7	0	512654,7034	8552900,887	395,873898	859,914768	71,3729	0	324,500998
1573,2	0	512654,3526	8552896,404	395,968771	872,755677	72,4387	0	323,530071
1577,7	0	512653,9629	8552891,923	396,026633	875,965905	72,7052	0	323,321433
1579,5	0	512653,816	8552890,129	396,052083	879,176132	72,9716	0	323,080483
1584	0	512653,4646	8552885,644	396,055124	895,227268	74,3039	0	321,751224
1586,7	0	512653,2206	8552882,955	396,060959	904,85795	75,1032	0	320,957759
1590,3	0	512652,8945	8552879,371	396,11026	911,278404	75,6361	0	320,47416
1594,8	0	512652,5484	8552874,888	396,146065	917,698859	76,169	0	319,977065
1597,5	0	512652,361	8552872,196	396,184286	924,119313	76,7019	0	319,482386
1602	0	512651,9911	8552867,711	396,214215	920,909086	76,4355	0	319,778715
1604,7	0	512651,8194	8552865,018	396,273474	940,17045	78,0341	0	318,239374
1606,5	0	512651,7229	8552863,222	396,338012	946,590904	78,567	0	317,771012
1608,3	0	512651,6019	8552861,427	396,367652	949,801131	78,8335	0	317,534152
1613,7	0	512651,2293	8552856,041	396,43948	953,011359	79,0999	0	317,33958
1617,3	0	512650,9806	8552852,452	396,463727	965,852268	80,1657	0	316,298027
1621,8	0	512650,6097	8552847,97	396,59019	972,272722	80,6986	0	315,89159
1625,4	0	512650,3938	8552844,378	396,666413	981,903404	81,498	0	315,168413
1630,8	0	512649,9519	8552838,999	396,755128	991,534086	82,2973	0	314,457828
1634,4	0	512649,6729	8552835,41	396,8103	997,95454	82,8302	0	313,9801
1638	0	512649,3955	8552831,822	396,873903	1023,636358	84,9618	0	311,912103
1642,5	0	512648,9973	8552827,341	396,908816	1036,477267	86,0276	0	310,881216
1646,1	0	512648,7377	8552823,752	396,929031	1055,738631	87,6263	0	309,302731
1649,7	0	512648,4878	8552820,161	396,959781	1062,159085	88,1592	0	308,800581
1655,1	0	512648,0518	8552814,779	396,989031	1078,210222	89,4914	0	307,497631
1659,6	0	512647,7756	8552810,291	397,115163	1084,630676	90,0243	0	307,090863
1665	0	512647,3072	8552804,915	397,255181	1094,261358	90,8237	0	306,431481
1671,3	0	512646,8105	8552798,64	397,377398	1107,102267	91,8895	0	305,487898
1676,7	0	512646,3121	8552793,266	397,529107	1119,943176	92,9553	0	304,573807
1682,1	0	512645,8891	8552787,885	397,645753	1113,522721	92,4224	0	305,223353
1686,6	0	512645,6095	8552783,396	397,693823	1116,732949	92,6888	0	305,005023
1690,2	0	512645,365	8552779,805	397,741351	1119,943176	92,9553	0	304,786051
1693,8	0	512645,1269	8552776,214	397,80341	1129,573858	93,7546	0	304,04881
1696,5	0	512644,9266	8552773,523	397,867598	1132,784085	94,0211	0	303,846498
1701	0	512644,5782	8552769,04	398,003235	1135,994312	94,2875	0	303,715735
1705,5	0	512644,2709	8552764,553	398,088606	1139,204539	94,554	0	303,534606
1710	0	512643,9321	8552760,068	398,198058	1142,414767	94,8204	0	303,377658
1714,5	0	512643,5154	8552755,591	398,142755	1145,624994	95,0869	0	303,055855
1719	0	512642,9913	8552751,123	398,190609	1148,835221	95,3533	0	302,837309
1723,5	0	512642,6859	8552746,638	398,275362	1152,045448	95,6198	0	302,655562
1728	0	512642,3891	8552742,155	398,425498	1158,465903	96,1527	0	302,272798
1731,6	0	512642,1639	8552738,565	398,555761	1164,886357	96,6856	0	301,870161
1736,1	0	512641,7148	8552734,091	398,686019	1168,096585	96,952	0	301,734019
1741,5	0	512641,1839	8552728,721	398,80245	1177,727266	97,7514	0	301,05105
1746	0	512640,7755	8552724,242	398,90487	1180,937494	98,0178	0	300,88707
1749,6	0	512640,4422	8552720,66	398,86537	1184,147721	98,2843	0	300,58107
1754,1	0	512640,0023	8552716,184	399,000397	1190,568175	98,8172	0	300,183197
1759,5	0	512639,536	8552710,807	399,115499	1193,778403	99,0836	0	300,031899
1764	0	512639,1037	8552706,33	399,253527	1200,198857	99,6165	0	299,637027
1768,5	0	512638,6763	8552701,855	399,412644	1209,829539	100,4158	0	298,996844
1772,1	0	512638,3587	8552698,27	399,48073	1203,409084	99,883	0	299,59773
1776,6	0	512638,0293	8552693,784	399,531201	1209,829539	100,4158	0	299,115401
1781,1	0	512637,6395	8552689,304	399,677555	1200,198857	99,6165	0	300,061055
1788,3	0	512637,0085	8552682,139	399,829099	1200,198857	99,6165	0	300,212599
1792,8	0	512636,6548	8552677,656	399,926029	1196,98863	99,3501	0	300,575929
1799,1	0	512636,0947	8552671,384	400,10758	1184,147721	98,2843	0	301,82328
1805,4	0	512635,4799	8552665,12	400,285034	1168,096585	96,952	0	303,333034
1810,8	0	512634,9482	8552659,751	400,442673	1155,255676	95,8862	0	304,556473
1816,2	0	512634,4514	8552654,379	400,635987	1135,994312	94,2875	0	306,348487
1818,9	0	512634,1668	8552651,698	400,750252	1116,732949	92,6888	0	308,061452
1820,7	0	512634,027	8552649,906	400,843637	1107,102267	91,8895	0	308,954137
1824,3	0	512633,6176	8552646,334	400,989932	1091,051131	90,5572	0	310,432732
1827,9	0	512633,406	8552642,745	401,145067	1078,210222	89,4914	0	311,653667
1831,5	0	512633,1565	8552639,157	401,285245	1068,57954	88,6921	0	312,593145
1834,2	0	512632,9357	8552636,469	401,378881	1055,738631	87,6263	0	313,752581
1836,9	0	512632,7094	8552633,782	401,52544	1039,687495	86,2941	0	315,23134
1839,6	0	512632,481	8552631,095	401,635345	1026,846586	85,2283	0	316,407045
1843,2	0	512632,2957	8552627,502	401,781667	1017,215904	84,4289	0	317,352767
1848,6	0	512631,8189	8552622,13	401,988451	1004,374995	83,3631	0	318,625351
1852,2	0	512631,504	8552618,547	402,134665	991,534086	82,2973	0	319,837365
1857,6	0	512630,8143	8552613,209	402,418689	975,482949	80,9651	0	321,453589
1865,7	0	512629,9179	8552605,17	402,765268	962,64204	79,8993	0	322,865968
1871,1	0	512629,3794	8552599,803	403,013046	936,960222	77,7677	0	325,245346
1877,4	0	512628,7053	8552593,548	403,33122	920,909086	76,4355	0	326,89572
1883,7	0	512628,1201	8552587,283	403,640055	911,278404	75,6361	0	328,003955
1890	0	512627,4943	8552581,025	403,970945	888,806814	73,771	0	330,199945
1896,3	0	512626,8898	8552574,774	404,452327	872,755677	72,4387	0	332,013627
1903,5	0	512626,2252	8552567,627	405,008383	856,704541	71,1065	0	333,901883
1911,6	0	512625,368	8552559,59	405,515513	843,863632	70,0407	0	335,474813
1918,8	0	512624,7409	8552552,444	406,11537	818,181814	67,9091	0	338,20627
1923,3	0	512624,3373	8552547,979	406,501687	802,130678	66,5768	0	339,924887
1928,7	0	512623,7992	8552542,626	406,950513	789,289769	65,511	0	341,439513
1931,4	0	512623,554	8552539,952	407,226159	776,44886	64,4453	0	342,780859
1935,9	0	512623,1805	8552535,489	407,664016	770,028405	63,9124	0	343,751616
1937,7	0	512623,0441	8552533,706	407,865949	760,397724	63,113	0	344,752949
1944	0	512622,5723	8552527,453	408,471933	750,767042	62,3137	0	346,158233
1947,6	0	512622,2238	8552523,886	408,797231	737,926133	61,2479	0	347,549331
1953	0	512621,7706	8552518,537	409,372593	725,085224	60,1821	0	349,190493
1958,4	0	512621,3467	8552513,192	410,010774	715,454542	59,3827	0	350,628074
1962,9	0	512620,9684	8552508,736	410,506844	696,193179	57,784	0	352,722844
1966,5	0	512620,6734	8552505,173	410,930077	696,193179	57,784	0	353,146077
1973,7	0	512620,0451	8552498,045	411,720716	676,931815	56,1853	0	355,535416
1977,3	0	512619,7799	8552494,477	412,115544	676,931815	56,1853	0	355,930244
1981,8	0	512619,5255	8552490,021	412,684927	667,301133	55,386	0	357,298927
1987,2	0	512619,1644	8552484,677	413,352998	660,880679	54,8531	0	358,499898
1990,8	0	512618,9012	8552481,114	413,793972	660,096596	54,788	0	359,005972
1992,6	0	512618,7937	8552479,332	414,020858	660,096596	54,788	0	359,232858
1998	0	512618,4165	8552473,982	414,645634	657,431823	54,5668	0	360,078834
2000,7	0	512618,1648	8552471,308	414,915939	657,431823	54,5668	0	360,349139
2004,3	0	512617,9348	8552467,747	415,38402	652,102277	54,1245	0	361,25952
2007,9	0	512617,6973	8552464,183	415,832972	649,437505	53,9033	0	361,929672
2008,8	0	512617,6311	8552463,291	415,935502	649,437505	53,9033	0	362,032202
2011,5	0	512617,4177	8552460,614	416,21106	646,772732	53,6821	0	362,52896
2015,1	0	512617,1463	8552457,046	416,606169	646,772732	53,6821	0	362,924069
2017,8	0	512616,9687	8552454,37	416,914267	638,778414	53,0186	0	363,895667
2018,7	0	512616,9131	8552453,475	416,986195	638,778414	53,0186	0	363,967595
2022,3	0	512616,6885	8552449,901	417,351877	636,113641	52,7974	0	364,554477
2025	0	512616,5113	8552447,223	417,6465	636,113641	52,7974	0	364,8491
2028,6	0	512616,2628	8552443,65	418,008971	633,448868	52,5763	0	365,432671
2032,2	0	512616,0068	8552440,08	418,397718	625,45455	51,9127	0	366,485018
2034,9	0	512615,7699	8552437,407	418,688209	625,45455	51,9127	0	366,775509
2037,6	0	512615,5636	8552434,73	418,975614	620,125004	51,4704	0	367,505214
2041,2	0	512615,2582	8552431,165	419,3707	625,45455	51,9127	0	367,458
2045,7	0	512614,8974	8552426,705	419,845501	625,45455	51,9127	0	367,932801
2050,2	0	512614,4544	8552422,25	420,293233	609,465913	50,5857	0	369,707533
2054,7	0	512614,1157	8552417,787	420,749368	609,465913	50,5857	0	370,163668
2057,4	0	512613,8903	8552415,105	420,949058	606,801141	50,3645	0	370,584558
2061	0	512613,5355	8552411,54	421,296256	604,136368	50,1433	0	371,152956
2065,5	0	512613,0738	8552407,086	421,73497	601,471595	49,9221	0	371,81287
2068,2	0	512612,7579	8552404,415	421,958664	596,14205	49,4798	0	372,478864
2072,7	0	512612,1624	8552399,973	422,358493	596,14205	49,4798	0	372,878693
2077,2	0	512611,6424	8552395,522	422,761462	596,14205	49,4798	0	373,281662
2079,9	0	512611,349	8552392,848	422,981852	596,14205	49,4798	0	373,502052
2081,7	0	512611,1016	8552391,071	423,132834	596,14205	49,4798	0	373,653034
2084,4	0	512610,7931	8552388,399	423,350987	590,812504	49,0374	0	374,313587
2086,2	0	512610,5591	8552386,623	423,530003	588,147731	48,8163	0	374,713703
2090,7	0	512609,9126	8552382,189	423,923414	585,482959	48,5951	0	375,328314
2094,3	0	512609,4305	8552378,638	424,267097	582,818186	48,3739	0	375,893197
2097	0	512609,0457	8552375,977	424,5065	577,48864	47,9316	0	376,5749
2101,5	0	512608,3338	8552371,556	424,956711	574,823868	47,7104	0	377,246311
2104,2	0	512607,8967	8552368,908	425,243555	574,823868	47,7104	0	377,533155
2106,9	0	512607,4785	8552366,251	425,482202	588,147731	48,8163	0	376,665902
2110,5	0	512606,953	8552362,705	425,804529	572,159095	47,4892	0	378,315329
2114,1	0	512606,4478	8552359,156	426,137924	566,829549	47,0469	0	379,091024
2116,8	0	512606,0511	8552356,495	426,360301	564,164777	46,8257	0	379,534601
2119,5	0	512605,6046	8552353,841	426,575296	561,500004	46,6045	0	379,970796
2122,2	0	512605,1862	8552351,184	426,800169	558,835231	46,3833	0	380,416869
2127,6	0	512604,4994	8552345,849	427,261799	545,511367	45,2774	0	381,984399
2129,4	0	512604,2756	8552344,069	427,396661	545,511367	45,2774	0	382,119261
2132,1	0	512603,9372	8552341,397	427,588278	542,846595	45,0563	0	382,531978
2133,9	0	512603,7385	8552339,614	427,728185	534,852276	44,3927	0	383,335485
2135,7	0	512603,5483	8552337,829	427,866433	540,181822	44,8351	0	383,031333
2137,5	0	512603,3942	8552336,04	427,987667	532,187504	44,1716	0	383,816067
2141,1	0	512603,1046	8552332,462	428,259456	524,193185	43,508	0	384,751456
2143,8	0	512602,8969	8552329,775	428,420107	518,86364	43,0657	0	385,354407
2148,3	0	512602,549	8552325,295	428,658744	513,534094	42,6233	0	386,035444
2151	0	512602,3766	8552322,606	428,820022	508,204549	42,181	0	386,639022
2155,5	0	512602,0009	8552318,129	429,079148	508,204549	42,181	0	386,898148
2160	0	512601,5867	8552313,657	429,346125	505,539776	41,9598	0	387,386325
2162,7	0	512601,3627	8552310,973	429,528079	486,886367	40,4116	0	389,116479
2164,5	0	512601,2326	8552309,18	429,629609	484,221594	40,1904	0	389,439209
2168,1	0	512601,0212	8552305,593	429,845767	478,892049	39,748	0	390,097767
2169,9	0	512600,8882	8552303,801	429,943574	476,227276	39,5269	0	390,416674
2172,6	0	512600,684	8552301,114	430,107592	470,89773	39,0845	0	391,023092
2175,3	0	512600,5185	8552298,421	430,228218	468,232958	38,8633	0	391,364918
2178	0	512600,3472	8552295,73	430,364677	462,903412	38,421	0	391,943677
2181,6	0	512600,1064	8552292,144	430,551232	454,909094	37,7575	0	392,793732
2182,5	0	512600,0509	8552291,246	430,580681	449,579548	37,3151	0	393,265581
2187	0	512599,6978	8552286,764	430,776901	441,58523	36,6516	0	394,125301
2187,9	0	512599,6308	8552285,867	430,813662	433,590912	35,988	0	394,825662
2190,6	0	512599,4397	8552283,176	430,911928	425,596594	35,3245	0	395,587428
2193,3	0	512599,2233	8552280,487	431,015969	414,937503	34,4398	0	396,576169
2195,1	0	512599,0853	8552278,706	431,153381	406,943184	33,7763	0	397,377081
2197,8	0	512598,8696	8552276,091	431,247043	396,284093	32,8916	0	398,355443
2201,4	0	512598,6503	8552272,519	431,296504	382,96023	31,7857	0	399,510804
2205	0	512598,4288	8552268,973	431,378339	366,971593	30,4586	0	400,919739
2208,6	0	512598,2746	8552265,429	431,586784	350,982957	29,1316	0	402,455184
2213,1	0	512598,1241	8552260,984	431,800384	340,323866	28,2469	0	403,553484
2217,6	0	512598,0416	8552256,51	431,822801	321,670456	26,6986	0	405,124201
2221,2	0	512598,0365	8552252,968	431,717127	308,346593	25,5928	0	406,124327
2224,8	0	512598,0942	8552249,501	431,948794	303,017047	25,1504	0	406,798394
2225,7	0	512598,0926	8552248,603	431,946945	289,693183	24,0445	0	407,902445
2228,4	0	512598,0763	8552248,028	431,64043	273,704547	22,7175	0	408,92293
