Dist	TrNo	X,m	Y,m	Z,m	TD, ns	Hice	Amplitud de la señal	Bed,m
83,2	0	512565,8187	8552172,742	424,231349	20,244318	1,6803	0	422,551049
88,8	0	512563,2897	8552167,8	423,497147	23,136364	1,9203	0	421,576847
92	0	512561,8394	8552164,983	423,057894	31,8125	2,6404	0	420,417494
96	0	512560,0455	8552161,458	422,461856	43,380682	3,6006	0	418,861256
100,8	0	512557,9683	8552157,189	421,771446	46,272728	3,8406	0	417,930846
102,4	0	512557,2253	8552155,789	421,559225	49,164773	4,0807	0	417,478525
108	0	512554,7389	8552150,846	420,697911	63,625001	5,2809	0	415,417011
112,8	0	512552,6437	8552146,594	419,953749	72,301137	6,001	0	413,952749
115,2	0	512551,5741	8552144,48	419,575835	89,65341	7,4412	0	412,134635
120	0	512549,5009	8552140,217	418,822969	95,437501	7,9213	0	410,901669
124	0	512547,7403	8552136,677	418,223074	95,437501	7,9213	0	410,301774
129,6	0	512545,2935	8552131,697	417,468429	98,329547	8,1614	0	409,307029
133,6	0	512543,5963	8552128,112	416,947212	109,897729	9,1215	0	407,825712
136,8	0	512542,252	8552125,234	416,570322	118,573865	9,8416	0	406,728722
140	0	512540,8528	8552122,385	416,168695	121,465911	10,0817	0	406,086995
144	0	512539,0908	8552118,824	415,711307	130,142047	10,8018	0	404,909507
150,4	0	512536,3634	8552113,076	415,020688	147,49432	12,242	0	402,778688
154,4	0	512534,655	8552109,48	414,63347	156,170457	12,9621	0	401,67137
158,4	0	512532,892	8552105,906	414,288022	176,414775	14,6424	0	399,645622
161,6	0	512531,4817	8552103,049	413,997695	184,210224	15,2894	0	398,708295
163,2	0	512530,7904	8552101,614	413,842419	189,374996	15,7181	0	398,124319
166,4	0	512529,4079	8552098,741	413,573762	196,26136	16,2897	0	397,284062
168,8	0	512528,3597	8552096,59	413,388991	204,869314	17,0042	0	396,384791
172	0	512526,9587	8552093,728	413,100059	213,477269	17,7186	0	395,381459
174,4	0	512525,9206	8552091,572	412,91075	216,92045	18,0044	0	394,90635
177,6	0	512524,5266	8552088,702	412,682005	228,971587	19,0046	0	393,677405
180,8	0	512523,1238	8552085,839	412,40261	234,136359	19,4333	0	392,96931
183,2	0	512522,0954	8552083,678	412,224296	239,301132	19,862	0	392,362296
185,6	0	512521,0542	8552081,521	412,118716	246,187495	20,4336	0	391,685116
189,6	0	512519,3196	8552077,933	411,866363	254,79545	21,148	0	390,718363
192,8	0	512517,9132	8552075,068	411,642277	259,960222	21,5767	0	390,065577
196	0	512516,532	8552072,188	411,449678	266,846586	22,1483	0	389,301378
200,8	0	512514,4718	8552067,862	411,16606	277,176131	23,0056	0	388,16046
204,8	0	512512,7	8552064,285	410,913438	282,340904	23,4343	0	387,479138
206,4	0	512511,9682	8552062,866	410,807594	292,670449	24,2916	0	386,515994
211,2	0	512509,808	8552058,586	410,575967	302,999994	25,149	0	385,426967
216	0	512507,6432	8552054,312	410,305201	306,443176	25,4348	0	384,870401
220	0	512505,819	8552050,759	410,092081	311,607949	25,8635	0	384,228581
224	0	512504,0041	8552047,202	409,862005	316,772721	26,2921	0	383,569905
230,4	0	512501,1261	8552041,497	409,540544	318,494312	26,435	0	383,105544
235,2	0	512498,9356	8552037,232	409,32183	318,494312	26,435	0	382,88683
239,2	0	512497,1107	8552033,677	409,134368	318,494312	26,435	0	382,699368
242,4	0	512495,6871	8552030,814	409,034842	313,32954	26,0064	0	383,028442
245,6	0	512494,253	8552027,957	408,912457	309,886358	25,7206	0	383,191857
250,4	0	512492,0939	8552023,674	408,755484	304,721585	25,2919	0	383,463584
254,4	0	512490,2906	8552020,105	408,680662	302,999994	25,149	0	383,531662
260	0	512487,8102	8552015,086	408,533006	304,721585	25,2919	0	383,241106
264,8	0	512485,7598	8552010,747	408,482161	309,886358	25,7206	0	382,761561
270,4	0	512483,3138	8552005,711	408,436013	302,999994	25,149	0	383,287013
272,8	0	512482,2404	8552003,565	408,401262	304,721585	25,2919	0	383,109362
276	0	512480,7792	8552000,719	408,351465	296,113631	24,5774	0	383,774065
280	0	512478,9834	8551997,145	408,3022	304,721585	25,2919	0	383,0103
284,8	0	512476,9406	8551992,802	408,261039	301,278403	25,0061	0	383,254939
287,2	0	512475,9818	8551990,604	408,245621	301,278403	25,0061	0	383,239521
290,4	0	512474,6324	8551987,703	408,196432	301,278403	25,0061	0	383,190332
293,6	0	512473,3245	8551984,783	408,206616	301,278403	25,0061	0	383,200516
296,8	0	512471,9833	8551981,88	408,210782	306,443176	25,4348	0	382,775982
300	0	512470,6685	8551978,963	408,208053	309,886358	25,7206	0	382,487453
302,4	0	512469,7098	8551976,763	408,249248	311,607949	25,8635	0	382,385748
307,2	0	512467,6274	8551972,44	408,269747	309,886358	25,7206	0	382,549147
310,4	0	512466,3161	8551969,522	408,315967	306,443176	25,4348	0	382,881167
313,6	0	512465,016	8551966,598	408,323034	304,721585	25,2919	0	383,031134
316	0	512464,0659	8551964,395	408,335404	301,278403	25,0061	0	383,329304
320	0	512462,3715	8551960,775	408,323222	296,113631	24,5774	0	383,745822
323,2	0	512461,0698	8551957,853	408,34997	301,278403	25,0061	0	383,34387
328	0	512459,2384	8551953,421	408,395176	297,835222	24,7203	0	383,674876
331,2	0	512457,904	8551950,514	408,400141	297,835222	24,7203	0	383,679841
333,6	0	512456,8829	8551948,342	408,435104	297,835222	24,7203	0	383,714804
336,8	0	512455,5087	8551945,453	408,446156	297,835222	24,7203	0	383,725856
340	0	512454,1899	8551942,538	408,445663	302,999994	25,149	0	383,296663
344	0	512452,5666	8551938,884	408,497711	292,670449	24,2916	0	384,206111
347,2	0	512451,2081	8551935,988	408,501122	294,39204	24,4345	0	384,066622
348,8	0	512450,5679	8551934,522	408,506567	294,39204	24,4345	0	384,072067
352,8	0	512448,88	8551930,896	408,52403	299,556813	24,8632	0	383,66083
353,6	0	512448,5583	8551930,164	408,532235	299,556813	24,8632	0	383,669035
356,8	0	512447,291	8551927,226	408,551917	301,278403	25,0061	0	383,545817
360	0	512445,9993	8551924,299	408,611505	296,113631	24,5774	0	384,034105
362,4	0	512445,0121	8551922,112	408,657034	296,113631	24,5774	0	384,079634
364,8	0	512444,0074	8551919,934	408,713781	294,39204	24,4345	0	384,279281
367,2	0	512443,0091	8551917,753	408,778256	294,39204	24,4345	0	384,343756
370,4	0	512441,6235	8551914,872	408,836829	293,295465	24,3435	0	384,493329
374,4	0	512439,7572	8551911,338	408,939963	295,994328	24,5675	0	384,372463
379,2	0	512437,7162	8551907	409,097107	293,295465	24,3435	0	384,753607
384	0	512435,816	8551902,596	409,136052	301,392056	25,0155	0	384,120552
387,2	0	512434,4823	8551899,689	409,132007	301,392056	25,0155	0	384,116507
392,8	0	512432,145	8551894,603	409,298051	301,392056	25,0155	0	384,282551
398,4	0	512429,7943	8551889,53	409,404256	295,994328	24,5675	0	384,836756
401,6	0	512428,3678	8551886,667	409,412842	290,596601	24,1195	0	385,293342
408	0	512425,6691	8551880,868	409,502413	277,102282	22,9995	0	386,502913
410,4	0	512424,5838	8551878,73	409,553029	274,403418	22,7755	0	386,777529
416	0	512422,1102	8551873,719	409,672055	263,607963	21,8795	0	387,792555
420,8	0	512420,0104	8551869,407	409,819347	255,511372	21,2074	0	388,611947
424,8	0	512418,3303	8551865,78	409,820314	252,812508	20,9834	0	388,836914
428,8	0	512416,5195	8551862,218	409,892149	250,113645	20,7594	0	389,132749
432	0	512415,0488	8551859,378	409,9262	250,113645	20,7594	0	389,1668
436,8	0	512413,0964	8551854,994	409,963933	250,113645	20,7594	0	389,204533
441,6	0	512411,0588	8551850,651	410,049175	263,607963	21,8795	0	388,169675
444	0	512410,0007	8551848,498	410,08064	266,306827	22,1035	0	387,97714
448,8	0	512407,8677	8551844,201	410,17333	271,704555	22,5515	0	387,62183
450,4	0	512407,1884	8551842,752	410,177219	274,403418	22,7755	0	387,401719
454,4	0	512405,455	8551839,158	410,034246	282,50001	23,4475	0	386,586746
457,6	0	512404,0721	8551836,29	409,842813	287,897737	23,8955	0	385,947313
461,6	0	512402,4574	8551832,869	409,954619	293,295465	24,3435	0	385,611119
465,6	0	512400,624	8551829,385	410,23989	295,994328	24,5675	0	385,67239
470,4	0	512398,5158	8551825,074	410,322826	301,392056	25,0155	0	385,307326
476	0	512396,1088	8551820,019	410,397742	306,789783	25,4636	0	384,934142
480	0	512394,4567	8551816,379	410,4646	314,886374	26,1356	0	384,329
484,8	0	512392,4111	8551812,039	410,557708	322,982966	26,8076	0	383,750108
488,8	0	512390,7082	8551808,424	410,671042	328,380693	27,2556	0	383,415442
492,8	0	512388,9366	8551804,84	410,739864	336,477284	27,9276	0	382,812264
498,4	0	512386,4906	8551799,806	410,865387	339,176148	28,1516	0	382,713787
501,6	0	512385,0333	8551796,96	410,947382	344,573876	28,5996	0	382,347782
506,4	0	512382,9212	8551792,652	411,035873	352,670467	29,2716	0	381,764273
509,6	0	512381,4902	8551789,791	411,109331	360,767058	29,9437	0	381,165631
516,8	0	512378,2423	8551783,37	411,2723	368,863649	30,6157	0	380,6566
520,8	0	512376,4169	8551779,813	411,353384	374,261377	31,0637	0	380,289684
527,2	0	512373,4953	8551774,122	411,525397	385,056832	31,9597	0	379,565697
533,6	0	512370,6664	8551768,388	411,592501	393,153423	32,6317	0	378,960801
539,2	0	512368,2042	8551763,366	411,729985	398,551151	33,0797	0	378,650285
544,8	0	512365,7868	8551758,32	411,851619	398,551151	33,0797	0	378,771919
549,6	0	512363,7141	8551753,991	411,878356	398,551151	33,0797	0	378,798656
556	0	512360,9258	8551748,233	411,952208	403,948878	33,5278	0	378,424408
561,6	0	512358,4838	8551743,194	412,008647	412,045469	34,1998	0	377,808847
567,2	0	512356,0193	8551738,166	412,035738	414,744333	34,4238	0	377,611938
569,6	0	512354,9729	8551736,007	412,054993	425,539788	35,3198	0	376,735193
572,8	0	512353,592	8551733,121	412,084623	425,539788	35,3198	0	376,764823
577,6	0	512351,449	8551728,826	412,04273	433,636379	35,9918	0	376,05093
579,2	0	512350,7569	8551727,384	412,059752	439,034107	36,4398	0	375,619952
584,8	0	512348,3288	8551722,339	412,004777	444,431834	36,8878	0	375,116977
589,6	0	512346,233	8551718,025	411,961604	452,528425	37,5599	0	374,401704
593,6	0	512344,5097	8551714,418	411,87632	452,528425	37,5599	0	374,31642
597,6	0	512342,7095	8551710,846	411,837415	457,926153	38,0079	0	373,829515
601,6	0	512340,9447	8551707,257	411,841393	463,32388	38,4559	0	373,385493
607,2	0	512338,421	8551702,262	411,875951	457,926153	38,0079	0	373,868051
612,8	0	512335,9898	8551697,219	411,850662	471,420472	39,1279	0	372,722762
615,2	0	512334,9282	8551695,069	411,841905	471,420472	39,1279	0	372,714005
619,2	0	512333,1694	8551691,48	411,757497	471,420472	39,1279	0	372,629597
622,4	0	512331,7715	8551688,627	411,916253	474,119335	39,3519	0	372,564353
625,6	0	512330,3845	8551685,983	411,671386	468,721608	38,9039	0	372,767486
626,4	0	512330,0296	8551685,267	411,714613	468,721608	38,9039	0	372,810713
628	0	512329,3312	8551683,828	411,712374	468,721608	38,9039	0	372,808474
632,8	0	512327,2294	8551679,514	411,61233	463,32388	38,4559	0	373,15643
634,4	0	512326,4937	8551678,093	411,601178	463,32388	38,4559	0	373,145278
640	0	512323,976	8551673,094	411,498384	463,32388	38,4559	0	373,042484
642,4	0	512322,9842	8551670,917	411,55295	463,32388	38,4559	0	373,09705
645,6	0	512321,7007	8551668,105	411,565303	463,32388	38,4559	0	373,109403
650,4	0	512319,6199	8551663,851	411,25312	468,721608	38,9039	0	372,34922
652	0	512318,8865	8551662,429	411,232181	471,420472	39,1279	0	372,104281
655,2	0	512317,4471	8551659,572	411,176971	476,818199	39,5759	0	371,601071
658,4	0	512316,0232	8551656,707	411,115587	479,517063	39,7999	0	371,315687
660,8	0	512314,9848	8551654,544	411,108123	482,215927	40,0239	0	371,084223
664	0	512313,5726	8551651,673	411,045289	482,215927	40,0239	0	371,021389
667,2	0	512312,1852	8551648,79	410,98972	490,312518	40,6959	0	370,29382
671,2	0	512310,4465	8551645,189	410,900084	493,011382	40,9199	0	369,980184
673,6	0	512309,4081	8551643,026	410,890632	501,107973	41,592	0	369,298632
676	0	512308,4024	8551640,847	410,881961	501,107973	41,592	0	369,289961
678,4	0	512307,4079	8551638,665	410,868569	506,5057	42,04	0	368,828569
680,8	0	512306,3787	8551636,5	410,764549	511,903428	42,488	0	368,276549
683,2	0	512305,2924	8551634,363	410,71786	511,903428	42,488	0	368,22986
685,6	0	512304,2507	8551632,203	410,73339	520,000019	43,16	0	367,57339
687,2	0	512303,557	8551630,761	410,762481	522,698883	43,384	0	367,378481
689,6	0	512302,5381	8551628,589	410,74415	534,312497	44,3479	0	366,39625
692,8	0	512301,1481	8551625,707	410,698654	539,232951	44,7563	0	365,942354
696,8	0	512299,4319	8551622,099	410,632709	549,07386	45,5731	0	365,059609
698,4	0	512298,7496	8551620,653	410,623458	551,534088	45,7773	0	364,846158
701,6	0	512297,3941	8551617,755	410,558223	558,914769	46,3899	0	364,168323
704	0	512296,3495	8551615,595	410,49539	563,835224	46,7983	0	363,69709
706,4	0	512295,2858	8551613,445	410,43116	571,215906	47,4109	0	363,02026
708,8	0	512294,1976	8551611,306	410,431812	578,596587	48,0235	0	362,408312
711,2	0	512293,1613	8551609,141	410,405476	583,517042	48,4319	0	361,973576
714,4	0	512291,8083	8551606,242	410,438006	593,357951	49,2487	0	361,189306
716,8	0	512290,7749	8551604,076	410,413081	585,977269	48,6361	0	361,776981
719,2	0	512289,7066	8551601,927	410,38391	590,897724	49,0445	0	361,33941
720,8	0	512289,0132	8551600,486	410,358484	598,278405	49,6571	0	360,701384
724	0	512287,636	8551597,597	410,346131	608,119314	50,4739	0	359,872231
726,4	0	512286,6055	8551595,43	410,370138	615,499996	51,0865	0	359,283638
729,6	0	512285,2058	8551592,553	410,342644	617,960223	51,2907	0	359,051944
732,8	0	512283,8904	8551589,844	409,675453	622,880678	51,6991	0	357,976353
736	0	512282,3698	8551587,045	409,835005	625,340905	51,9033	0	357,931705
739,2	0	512280,9591	8551584,173	409,834442	630,26136	52,3117	0	357,522742
743,2	0	512279,1363	8551580,614	409,77341	637,642041	52,9243	0	356,84911
746,4	0	512277,6795	8551577,765	409,742186	642,562496	53,3327	0	356,409486
749,6	0	512276,2089	8551574,926	409,659988	642,562496	53,3327	0	356,327288
753,6	0	512274,3673	8551571,376	409,646403	642,562496	53,3327	0	356,313703
756,8	0	512272,9145	8551568,525	409,616473	645,022723	53,5369	0	356,079573
760	0	512271,4799	8551565,664	409,595122	642,562496	53,3327	0	356,262422
763,2	0	512270,1041	8551562,776	409,618181	637,642041	52,9243	0	356,693881
766,4	0	512268,7246	8551559,889	409,586161	640,102269	53,1285	0	356,457661
769,6	0	512267,384	8551556,984	409,620495	647,48295	53,7411	0	355,879395
772,8	0	512265,9838	8551554,107	409,625203	652,403405	54,1495	0	355,475703
776,8	0	512264,2732	8551550,491	409,633121	659,784087	54,7621	0	354,871021
782,4	0	512261,9402	8551545,401	409,688565	669,624996	55,5789	0	354,109665
785,6	0	512260,5699	8551542,51	409,737384	674,54545	55,9873	0	353,750084
790,4	0	512258,5508	8551538,156	409,73786	681,926132	56,5999	0	353,13796
794,4	0	512256,8447	8551534,539	409,762443	679,465905	56,3957	0	353,366743
799,2	0	512254,7845	8551530,205	409,764874	681,926132	56,5999	0	353,164974
803,2	0	512253,0553	8551526,598	409,806789	686,846586	57,0083	0	352,798489
806,4	0	512251,6456	8551523,726	409,785341	686,846586	57,0083	0	352,777041
810,4	0	512249,8888	8551520,133	409,829664	686,846586	57,0083	0	352,821364
812,8	0	512248,8231	8551517,983	409,873943	686,846586	57,0083	0	352,865643
815,2	0	512247,7903	8551515,819	409,956737	681,926132	56,5999	0	353,356837
820,8	0	512245,4724	8551510,724	410,084545	689,306814	57,2125	0	352,872045
824	0	512244,0849	8551507,842	410,119572	691,767041	57,4167	0	352,702872
827,2	0	512242,7255	8551504,946	410,166954	689,306814	57,2125	0	352,954454
834,4	0	512239,7079	8551498,411	410,272031	691,767041	57,4167	0	352,855331
837,6	0	512238,2791	8551495,548	410,269883	684,386359	56,8041	0	353,465783
841,6	0	512236,5301	8551491,951	410,288523	681,926132	56,5999	0	353,688623
844	0	512235,4901	8551489,788	410,299613	684,386359	56,8041	0	353,495513
848	0	512233,7508	8551486,187	410,333631	684,386359	56,8041	0	353,529531
850,4	0	512232,7048	8551484,027	410,346129	684,386359	56,8041	0	353,542029
853,6	0	512231,2881	8551481,158	410,370111	689,306814	57,2125	0	353,157611
856,8	0	512229,9075	8551478,274	410,487245	689,306814	57,2125	0	353,274745
860	0	512228,5123	8551475,395	410,537173	689,306814	57,2125	0	353,324673
864	0	512226,8158	8551471,774	410,625867	689,306814	57,2125	0	353,413367
867,2	0	512225,4392	8551468,885	410,632028	689,306814	57,2125	0	353,419528
869,6	0	512224,42	8551466,713	410,690976	694,227268	57,6209	0	353,070076
872	0	512223,3785	8551464,552	410,708187	696,687495	57,8251	0	352,883087
876	0	512221,699	8551460,923	410,793846	696,687495	57,8251	0	352,968746
879,2	0	512220,3424	8551458,027	410,902944	701,60795	58,2335	0	352,669444
882,4	0	512218,9685	8551455,138	410,969363	704,068177	58,4377	0	352,531663
884,8	0	512217,9502	8551452,966	411,02659	694,227268	57,6209	0	353,40569
888	0	512216,6161	8551450,06	411,126814	691,767041	57,4167	0	353,710114
891,2	0	512215,2316	8551447,176	411,204978	691,767041	57,4167	0	353,788278
893,6	0	512214,204	8551445,008	411,236574	689,306814	57,2125	0	354,024074
896,8	0	512212,7629	8551442,152	411,274841	691,767041	57,4167	0	353,858141
900	0	512211,3059	8551439,303	411,332222	691,767041	57,4167	0	353,915522
903,2	0	512209,8646	8551436,447	411,405049	699,147723	58,0293	0	353,375749
906,4	0	512208,4619	8551433,572	411,476049	704,068177	58,4377	0	353,038349
909,6	0	512207,0535	8551430,699	411,49411	704,068177	58,4377	0	353,05641
912,8	0	512205,6954	8551427,802	411,522089	708,988632	58,8461	0	352,675989
916	0	512204,2862	8551424,93	411,592296	711,448859	59,0503	0	352,541996
919,2	0	512202,8965	8551422,049	411,656609	711,448859	59,0503	0	352,606309
921,6	0	512201,8411	8551419,894	411,667968	716,369313	59,4587	0	352,209268
924,8	0	512200,461	8551417,008	411,757763	718,829541	59,6628	0	352,094963
927,2	0	512199,4364	8551414,839	411,829249	721,289768	59,867	0	351,962249
929,6	0	512198,4117	8551412,669	411,880272	721,289768	59,867	0	352,013272
932	0	512197,3616	8551410,513	411,948896	726,210222	60,2754	0	351,673496
935,2	0	512196,0224	8551407,608	412,005082	731,130677	60,6838	0	351,321282
938,4	0	512194,6658	8551404,712	412,022671	736,051131	61,0922	0	350,930471
942,4	0	512192,9411	8551401,104	412,097477	740,971586	61,5006	0	350,596877
944,8	0	512191,9298	8551398,928	412,119351	748,352268	62,1132	0	350,006151
948	0	512190,5334	8551396,049	412,183735	750,812495	62,3174	0	349,866335
951,2	0	512189,1312	8551393,173	412,201657	758,193177	62,93	0	349,271657
953,6	0	512188,1127	8551391	412,247146	765,573858	63,5426	0	348,704546
957,6	0	512186,4354	8551387,37	412,331128	763,113631	63,3384	0	348,992728
960,8	0	512185,1392	8551384,445	412,378758	770,494313	63,951	0	348,427758
963,2	0	512184,1137	8551382,276	412,388701	777,874995	64,5636	0	347,825101
964,8	0	512183,4234	8551380,833	412,358408	782,795449	64,972	0	347,386408
968,8	0	512181,7413	8551377,205	412,411023	787,715904	65,3804	0	347,030623
972,8	0	512180,0807	8551373,567	412,453357	790,176131	65,5846	0	346,868757
976,8	0	512178,3972	8551369,939	412,4648	792,636358	65,7888	0	346,676
980,8	0	512176,6707	8551366,331	412,499243	792,636358	65,7888	0	346,710443
984,8	0	512174,9582	8551362,717	412,523235	797,556813	66,1972	0	346,326035
988	0	512173,5851	8551359,827	412,533702	804,937495	66,8098	0	345,723902
992	0	512171,8941	8551356,202	412,520462	812,318176	67,4224	0	345,098062
994,4	0	512170,8357	8551354,048	412,512414	819,698858	68,035	0	344,477414
997,6	0	512169,4359	8551351,171	412,532688	817,238631	67,8308	0	344,701888
1000,8	0	512168,0916	8551348,268	412,572356	814,778404	67,6266	0	344,945756
1004,8	0	512166,4246	8551344,632	412,613927	812,318176	67,4224	0	345,191527
1008,8	0	512164,6563	8551341,047	412,533393	814,778404	67,6266	0	344,906793
1012	0	512163,3266	8551338,136	412,57168	822,159085	68,2392	0	344,33248
1014,4	0	512162,3494	8551335,945	412,595905	824,619313	68,4434	0	344,152505
1018,4	0	512160,6602	8551332,321	412,605196	827,07954	68,6476	0	343,957596
1022,4	0	512158,9561	8551328,703	412,572656	834,460222	69,2602	0	343,312456
1024,8	0	512157,9306	8551326,533	412,558483	834,460222	69,2602	0	343,298283
1028,8	0	512156,2556	8551322,901	412,537252	839,011368	69,6379	0	342,899352
1032,8	0	512154,5855	8551319,267	412,525868	836,159095	69,4012	0	343,124668
1034,4	0	512153,8926	8551317,825	412,514984	821,897732	68,2175	0	344,297484
1037,6	0	512152,5264	8551314,932	412,473765	836,159095	69,4012	0	343,072565
1038,4	0	512152,1842	8551314,209	412,458434	836,159095	69,4012	0	343,057234
1041,6	0	512150,8358	8551311,307	412,442006	844,715914	70,1114	0	342,330606
1044,8	0	512149,4556	8551308,421	412,430987	847,568186	70,3482	0	342,082787
1046,4	0	512148,7736	8551306,974	412,429788	850,420459	70,5849	0	341,844888
1049,6	0	512147,4204	8551304,074	412,449432	858,977277	71,2951	0	341,154332
1053,6	0	512145,7395	8551300,445	412,430453	867,534096	72,0053	0	340,425153
1056	0	512144,7037	8551298,28	412,423429	870,386368	72,2421	0	340,181329
1059,2	0	512143,2972	8551295,406	412,408341	876,090914	72,7155	0	339,692841
1061,6	0	512142,2577	8551293,243	412,400644	878,943187	72,9523	0	339,448344
1068	0	512139,6144	8551287,415	412,429794	890,352278	73,8992	0	338,530594
1069,6	0	512138,9215	8551285,975	412,370078	896,056823	74,3727	0	337,997378
1073,6	0	512137,2123	8551282,36	412,347218	893,20455	74,136	0	338,211218
1076,8	0	512135,8917	8551279,446	412,36682	907,465914	75,3197	0	337,04712
1078,4	0	512135,1831	8551278,011	412,359277	913,17046	75,7931	0	336,566177
1083,2	0	512133,0715	8551273,701	412,360312	921,727278	76,5034	0	335,856912
1086,4	0	512131,7104	8551270,806	412,303175	921,727278	76,5034	0	335,799775
1091,2	0	512129,7325	8551266,433	412,287892	933,136369	77,4503	0	334,837592
1096	0	512127,7157	8551262,078	412,268635	927,431823	76,9768	0	335,291835
1100,8	0	512125,5786	8551257,782	412,212159	938,840914	77,9238	0	334,288359
1104	0	512124,1684	8551254,91	412,164991	944,54546	78,3973	0	333,767691
1111,2	0	512120,9927	8551248,449	412,089	950,250005	78,8707	0	333,2183
1117,6	0	512118,1	8551242,742	412,12796	953,102278	79,1075	0	333,02046
1122,4	0	512115,9744	8551238,439	412,127347	953,102278	79,1075	0	333,019847
1124,8	0	512114,9205	8551236,283	412,113526	955,954551	79,3442	0	332,769326
1131,2	0	512112,1648	8551230,507	412,116557	953,102278	79,1075	0	333,009057
1137,6	0	512109,3533	8551224,759	412,136094	947,397732	78,634	0	333,502094
1143,2	0	512106,9851	8551219,685	412,153451	944,54546	78,3973	0	333,756151
1148	0	512104,9511	8551215,338	412,131793	944,54546	78,3973	0	333,734493
1155,2	0	512101,9301	8551208,9	412,107405	944,54546	78,3973	0	333,710105
1156,8	0	512101,3389	8551207,474	411,689275	947,397732	78,634	0	333,055275
1161,6	0	512099,4013	8551203,45	411,641472	950,250005	78,8707	0	332,770772
1164,8	0	512097,9583	8551200,646	411,920384	953,102278	79,1075	0	332,812884
1169,6	0	512096,0763	8551196,394	411,6111	950,250005	78,8707	0	332,7404
1172,8	0	512094,7804	8551193,781	411,750057	950,250005	78,8707	0	332,879357
1177,6	0	512092,6439	8551189,596	411,947889	958,806823	79,581	0	332,366889
1180	0	512091,7151	8551187,53	411,710139	961,659096	79,8177	0	331,892439
1186,4	0	512089,0809	8551181,816	411,682531	967,363642	80,2912	0	331,391331
1192,8	0	512086,3315	8551176,414	411,92515	967,363642	80,2912	0	331,63395
1196,8	0	512084,6269	8551172,796	411,901505	964,511369	80,0544	0	331,847105
1204,8	0	512081,1798	8551165,581	411,806813	961,659096	79,8177	0	331,989113
1208	0	512079,8547	8551162,67	411,843503	961,659096	79,8177	0	332,025803
1213,6	0	512077,4447	8551157,616	411,771299	967,363642	80,2912	0	331,480099
1220	0	512074,7581	8551151,809	411,772583	975,92046	81,0014	0	330,771183
1225,6	0	512072,4343	8551146,715	411,82682	987,329551	81,9483	0	329,87852
1228,8	0	512071,1016	8551143,806	411,798455	990,181824	82,1851	0	329,613355
1238,4	0	512066,9589	8551135,149	411,658095	998,738642	82,8953	0	328,762795
1247,2	0	512063,2008	8551127,193	411,581281	1010,147733	83,8423	0	327,738981
1253,6	0	512060,5241	8551121,383	411,515634	1018,704551	84,5525	0	326,963134
1257,6	0	512058,8253	8551117,765	411,469976	1021,556824	84,7892	0	326,680776
1263,2	0	512056,542	8551112,653	411,390314	1032,965915	85,7362	0	325,654114
1266,4	0	512055,2303	8551109,735	411,366827	1030,113642	85,4994	0	325,867427
1275,2	0	512051,4593	8551101,79	411,217428	1035,818188	85,9729	0	325,244528
1278,4	0	512050,1431	8551098,874	411,190502	1035,818188	85,9729	0	325,217602
1281,6	0	512048,7922	8551095,974	411,14644	1038,67046	86,2096	0	324,93684
1284	0	512047,7377	8551093,818	411,106481	1041,522733	86,4464	0	324,660081
1288	0	512045,9805	8551090,226	411,044949	1032,965915	85,7362	0	325,308749
1292	0	512044,6791	8551087,09	412,156991	1018,704551	84,5525	0	327,604491
1295,2	0	512043,3218	8551084,2	412,189564	1013,000006	84,079	0	328,110564
1304,8	0	512040,1376	8551077,449	411,562664	1004,443187	83,3688	0	328,193864
1308	0	512039,2239	8551075,242	412,155707	1004,443187	83,3688	0	328,786907
1312,8	0	512037,5996	8551071,728	411,921207	1010,147733	83,8423	0	328,078907
1316	0	512036,6622	8551069,511	412,244366	1004,443187	83,3688	0	328,875566
1320	0	512035,107	8551066,188	412,068652	1001,590915	83,132	0	328,936652
1324,8	0	512033,6141	8551062,879	412,234868	995,886369	82,6586	0	329,576268
1330,4	0	512031,3801	8551058,039	412,197211	990,181824	82,1851	0	330,012111
1338,4	0	512028,238	8551051,508	412,122052	984,477278	81,7116	0	330,410452
1340,8	0	512027,2233	8551049,412	412,208383	984,477278	81,7116	0	330,496783
1344	0	512025,8094	8551046,542	412,168875	981,625005	81,4749	0	330,693975
1350,4	0	512023,0705	8551040,759	412,223419	975,92046	81,0014	0	331,222019
1353,6	0	512021,7093	8551037,865	412,271333	973,068187	80,7647	0	331,506633
1360	0	512018,9622	8551032,086	412,317999	973,068187	80,7647	0	331,553299
1364,8	0	512016,9984	8551027,706	412,349415	970,215914	80,5279	0	331,821515
1371,2	0	512014,2991	8551021,905	412,39305	970,215914	80,5279	0	331,86515
1378,4	0	512011,2032	8551015,408	412,380636	970,215914	80,5279	0	331,852736
1381,6	0	512009,8864	8551012,495	412,459497	961,659096	79,8177	0	332,641797
1390,4	0	512006,2542	8551004,488	412,717457	955,954551	79,3442	0	333,373257
1393,6	0	512004,9334	8551001,576	412,736863	947,397732	78,634	0	334,102863
1401,6	0	512001,6921	8550994,27	413,004337	933,136369	77,4503	0	335,554037
1404,8	0	512000,3476	8550991,368	413,072972	924,579551	76,7401	0	336,332872
1409,6	0	511998,3796	8550986,992	413,170577	913,17046	75,7931	0	337,377477
1415,2	0	511996,1333	8550981,866	413,309458	904,613641	75,0829	0	338,226558
1420,8	0	511993,8207	8550976,769	413,430901	887,500005	73,6625	0	339,768401
1427,2	0	511991,2093	8550970,932	413,685513	881,795459	73,189	0	340,496513
1432	0	511989,2567	8550966,551	413,839914	867,534096	72,0053	0	341,834614
1436,8	0	511987,3535	8550962,148	414,010959	864,681823	71,7686	0	342,242359
1441,6	0	511985,464	8550957,743	414,216801	858,977277	71,2951	0	342,921701
1444,8	0	511984,1616	8550954,824	414,368355	853,272732	70,8216	0	343,546755
1450,4	0	511981,8682	8550949,725	414,678934	850,420459	70,5849	0	344,094034
1456	0	511979,5936	8550944,617	414,968401	850,420459	70,5849	0	344,383501
1460	0	511977,928	8550940,983	415,105408	839,011368	69,6379	0	345,467508
1463,2	0	511976,6055	8550938,072	415,223818	830,45455	68,9277	0	346,296118
1464,8	0	511975,9658	8550936,608	415,313005	832,204527	69,073	0	346,240005
1467,2	0	511975,0196	8550934,407	415,44605	829,636345	68,8598	0	346,58625
1468,8	0	511974,3779	8550932,942	415,509882	824,499981	68,4335	0	347,076382
1470,4	0	511973,7114	8550931,491	415,598334	824,499981	68,4335	0	347,164834
1471,2	0	511973,3585	8550930,774	415,642938	824,499981	68,4335	0	347,209438
1472,8	0	511972,6803	8550929,327	415,71322	819,363618	68,0072	0	347,70602
1475,2	0	511971,7191	8550927,134	415,870156	816,795436	67,794	0	348,076156
1476,8	0	511971,0829	8550925,669	415,953413	806,522709	66,9414	0	349,012013
1479,2	0	511970,1164	8550923,475	416,055208	801,386346	66,5151	0	349,540108
1480,8	0	511969,4895	8550922,006	416,147576	793,6818	65,8756	0	350,271976
1484	0	511968,2961	8550919,043	416,309603	788,545437	65,4493	0	350,860303
1485,6	0	511967,7255	8550917,551	416,404526	780,840892	64,8098	0	351,594726
1488	0	511966,826	8550915,332	416,566002	773,136346	64,1703	0	352,395702
1488,8	0	511966,5305	8550914,59	416,603168	760,295438	63,1045	0	353,498668
1490,4	0	511965,9149	8550913,118	416,71352	755,159074	62,6782	0	354,03532
1492,8	0	511964,8825	8550910,956	416,857008	760,295438	63,1045	0	353,752508
1493,6	0	511964,5449	8550910,233	416,912987	750,022711	62,2519	0	354,661087
1496	0	511963,5703	8550908,047	417,07717	744,886347	61,8256	0	355,25157
1499,2	0	511962,2874	8550905,125	417,313703	737,181802	61,1861	0	356,127603
1502,4	0	511961,0273	8550902,197	417,584531	726,909075	60,3335	0	357,251031
1504	0	511960,4034	8550900,727	417,678609	726,909075	60,3335	0	357,345109
1505,6	0	511959,7714	8550899,261	417,789645	726,909075	60,3335	0	357,456145
1508	0	511958,8575	8550897,055	418,02578	708,931803	58,8413	0	359,18448
1508,8	0	511958,5552	8550896,318	418,102405	706,363621	58,6282	0	359,474205
1511,2	0	511957,6546	8550894,104	418,315985	698,659075	57,9887	0	360,327285
1512,8	0	511956,9955	8550892,656	418,47589	696,090894	57,7755	0	360,70039
1514,4	0	511956,3077	8550891,215	418,559302	690,95453	57,3492	0	361,210102
1516	0	511955,6988	8550889,74	418,66627	688,386348	57,1361	0	361,53017
1518,4	0	511954,8509	8550887,504	418,876723	680,681803	56,4966	0	362,380123
1519,2	0	511954,5104	8550886,784	418,944482	675,54544	56,0703	0	362,874182
1520,8	0	511953,8646	8550885,331	419,122707	667,840894	55,4308	0	363,691907
1521,6	0	511953,5574	8550884,598	419,217436	662,704531	55,0045	0	364,212936
1523,2	0	511952,9217	8550883,14	419,389798	657,568167	54,5782	0	364,811598
1524,8	0	511952,263	8550881,69	419,537558	652,431804	54,1518	0	365,385758
1528,8	0	511950,6549	8550878,055	419,965995	637,022713	52,8729	0	367,093095
1528,8	0	511950,6549	8550878,055	419,965995	637,022713	52,8729	0	367,093095
1531,2	0	511949,6755	8550875,883	420,239269	631,88635	52,4466	0	367,792669
1533,6	0	511948,7015	8550873,708	420,512837	616,477259	51,1676	0	369,345237
1536	0	511947,7051	8550871,54	420,77584	580,522715	48,1834	0	372,59244
1539,2	0	511946,3988	8550868,648	421,176357	572,81817	47,5439	0	373,632457
1540	0	511946,0932	8550867,916	421,279705	554,840897	46,0518	0	375,227905
1542,4	0	511945,2141	8550865,708	421,612645	549,704534	45,6255	0	375,987145
1544,8	0	511944,3568	8550863,514	421,651124	536,863625	44,5597	0	377,091424
1546,4	0	511943,7672	8550862,046	421,73601	529,15908	43,9202	0	377,81581
1550,4	0	511942,1391	8550858,429	422,245933	511,181808	42,4281	0	379,817833
1550,4	0	511942,1391	8550858,429	422,245933	508,613626	42,2149	0	380,031033
1552,8	0	511941,1788	8550856,256	422,58289	493,204535	40,936	0	381,64689
1555,2	0	511940,1709	8550854,095	422,853791	485,49999	40,2965	0	382,557291
1557,6	0	511939,136	8550851,939	423,047847	480,363626	39,8702	0	383,177647
1561,6	0	511937,7135	8550848,239	423,51418	475,227263	39,4439	0	384,07028
1563,2	0	511937,0866	8550846,789	423,761039	467,522718	38,8044	0	384,956639
1567,2	0	511935,4151	8550843,204	424,350337	446,977264	37,0991	0	387,251237
1568	0	511935,098	8550842,479	424,472315	441,8409	36,6728	0	387,799515
1569,6	0	511934,4228	8550841,043	424,659654	431,568173	35,8202	0	388,839454
1572	0	511933,445	8550838,87	424,934344	431,568173	35,8202	0	389,114144
1574,4	0	511932,4568	8550836,714	425,296975	421,295446	34,9675	0	390,329475
1576	0	511931,8231	8550835,261	425,514198	408,454537	33,9017	0	391,612498
1577,6	0	511931,2107	8550833,806	425,772321	390,477265	32,4096	0	393,362721
1580	0	511930,2215	8550831,644	426,091299	382,77272	31,7701	0	394,321199
1582,4	0	511929,2908	8550829,466	426,47709	377,636356	31,3438	0	395,13329
1584	0	511928,6833	8550828,006	426,720664	367,363629	30,4912	0	396,229464
1584,8	0	511928,3788	8550827,278	426,850336	364,795448	30,278	0	396,572336
1587,2	0	511927,4171	8550825,107	427,196784	367,363629	30,4912	0	396,705584
1588	0	511927,0945	8550824,383	427,306382	385,340902	31,9833	0	395,323082
1590,4	0	511926,192	8550822,185	427,639567	387,909083	32,1965	0	395,443067
1592	0	511925,6496	8550820,711	427,939714	382,77272	31,7701	0	396,169614
1593,6	0	511925,0389	8550819,251	428,169279	382,77272	31,7701	0	396,399179
1595,2	0	511924,4423	8550817,789	428,423001	382,77272	31,7701	0	396,652901
1596,8	0	511923,8013	8550816,352	428,706563	382,77272	31,7701	0	396,936463
1599,2	0	511922,8779	8550814,176	429,110585	377,636356	31,3438	0	397,766785
1600,8	0	511922,3491	8550812,692	429,377893	377,636356	31,3438	0	398,034093
1601,6	0	511922,159	8550811,93	429,527326	377,636356	31,3438	0	398,183526
1604	0	511922,0817	8550809,573	429,925605	375,068175	31,1307	0	398,794905
1605,6	0	511922,6383	8550808,186	430,156245	375,068175	31,1307	0	399,025545
