Dist	TrNo	Zone	X,m	Y,m	Alt, m	TD, ns	Hice, m	Bed,m
24,846307	152	33X	516540,958	8556917,292	316,3	125	10,5	305,8
25,606718	153	33X	516540,272	8556916,973	316,2234	132,5	11,13	305,0934
26,564001	154	33X	516539,418	8556916,554	316,1161	140	11,76	304,3561
27,718158	155	33X	516538,405	8556916,019	315,9758	145	12,18	303,7958
29,072417	156	33X	516537,239	8556915,353	315,8	152,5	12,81	302,99
30,62843	157	33X	516535,925	8556914,547	315,588	160	13,44	302,148
32,376075	158	33X	516534,459	8556913,627	315,3457	167,5	14,07	301,2757
34,29799	159	33X	516532,835	8556912,634	315,0805	182,5	15,33	299,7505
36,383262	160	33X	516531,046	8556911,6	314,8	195	16,38	298,42
38,610757	161	33X	516529,096	8556910,563	314,5104	210	17,64	296,8704
40,929489	162	33X	516527,031	8556909,551	314,2135	222,5	18,69	295,5235
43,279149	163	33X	516524,908	8556908,591	313,9099	237,5	19,95	293,9599
45,598265	164	33X	516522,784	8556907,713	313,6	250	21	292,6
47,845447	165	33X	516520,701	8556906,931	313,2847	265	22,26	291,0247
50,037669	166	33X	516518,65	8556906,226	312,965	277,5	23,31	289,655
52,209067	167	33X	516516,607	8556905,565	312,6422	292,5	24,57	288,0722
54,392522	168	33X	516514,548	8556904,915	312,3174	307,5	25,83	286,4874
56,620347	169	33X	516512,449	8556904,243	311,9921	325	27,3	284,6921
58,924938	170	33X	516510,286	8556903,517	311,6673	340	28,56	283,1073
61,337416	171	33X	516508,037	8556902,706	311,3443	357,5	30,03	281,3143
63,8947	172	33X	516505,676	8556901,777	311,0244	372,5	31,29	279,7344
66,630368	173	33X	516503,182	8556900,698	310,7088	387,5	32,55	278,1588
69,584127	174	33X	516500,529	8556899,437	310,3987	405	34,02	276,3787
72,795171	175	33X	516497,694	8556897,96	310,0953	420	35,28	274,8153
76,303313	176	33X	516494,653	8556896,236	309,8	437,5	36,75	273,05
80,090148	177	33X	516491,423	8556894,28	309,5149	452,5	38,01	271,5049
83,899842	178	33X	516488,18	8556892,299	309,2459	470	39,48	269,7659
87,416171	179	33X	516485,14	8556890,549	309	485	40,74	268,26
90,417357	180	33X	516482,46	8556889,216	308,7813	500	42	266,7813
93,011891	181	33X	516480,068	8556888,231	308,582	517,5	43,47	265,112
95,382544	182	33X	516477,835	8556887,458	308,3918	537,5	45,15	263,2418
97,704574	183	33X	516475,629	8556886,759	308,2	557,5	46,83	261,37
100,11318	184	33X	516473,347	8556886,015	307,9992	577,5	48,51	259,4892
102,6309	185	33X	516470,986	8556885,165	307,794	595	49,98	257,814
105,2548	186	33X	516468,569	8556884,164	307,5917	615	51,66	255,9317
107,98743	187	33X	516466,119	8556882,969	307,4	635	53,34	254,06
110,82876	188	33X	516463,655	8556881,565	307,2249	655	55,02	252,2049
113,72905	189	33X	516461,182	8556880,058	307,0671	675	56,7	250,3671
116,62057	190	33X	516458,699	8556878,583	306,9257	695	58,38	248,5457
119,43729	191	33X	516456,206	8556877,278	306,8	715	60,06	246,74
122,15226	192	33X	516453,704	8556876,23	306,687	735	61,74	244,947
124,80879	193	33X	516451,206	8556875,333	306,5751	755	63,42	243,1551
127,45219	194	33X	516448,724	8556874,432	306,4507	775	65,1	241,3507
130,12775	195	33X	516446,272	8556873,372	306,3	795	66,78	239,52
132,88492	196	33X	516443,859	8556872,051	306,1146	815	68,46	237,6546
135,70028	197	33X	516441,478	8556870,563	305,9074	835	70,14	235,7674
138,51008	198	33X	516439,114	8556869,059	305,6965	855	71,82	233,8765
141,24453	199	33X	516436,758	8556867,685	305,5	875	73,5	232
143,86919	200	33X	516434,397	8556866,551	305,3311	895	75,18	230,1511
146,42587	201	33X	516432,028	8556865,601	305,1828	915	76,86	228,3228
148,96079	202	33X	516429,645	8556864,748	305,0431	935	78,54	226,5031
151,50967	203	33X	516427,247	8556863,896	304,9	955	80,22	224,68
154,09544	204	33X	516424,835	8556862,977	304,7455	975	81,9	222,8455
156,69261	205	33X	516422,429	8556862,012	304,5866	992,5	83,37	221,2166
159,26295	206	33X	516420,054	8556861,041	304,4344	1012,5	85,05	219,3844
161,76473	207	33X	516417,737	8556860,107	304,3	1032,5	86,73	217,57
164,17558	208	33X	516415,494	8556859,23	304,1903	1052,5	88,41	215,7803
166,53174	209	33X	516413,312	8556858,346	304,0959	1075	90,3	213,7959
168,88693	210	33X	516411,171	8556857,369	304,0037	1097,5	92,19	211,8137
171,30377	211	33X	516409,05	8556856,215	303,9	1120	94,08	209,82
173,83274	212	33X	516406,935	8556854,834	303,7762	1142,5	95,97	207,8062
176,41506	213	33X	516404,838	8556853,333	303,6421	1165	97,86	205,7821
178,95134	214	33X	516402,781	8556851,855	303,5119	1187,5	99,75	203,7619
181,34477	215	33X	516400,783	8556850,542	303,4	1210	101,64	201,76
183,55758	216	33X	516398,837	8556849,492	303,3156	1232,5	103,53	199,7856
185,74893	217	33X	516396,833	8556848,608	303,2481	1255	105,42	197,8281
188,11365	218	33X	516394,632	8556847,746	303,1815	1277,5	107,31	195,8715
190,83565	219	33X	516392,095	8556846,763	303,1	1300	109,2	193,9
194,01285	220	33X	516389,155	8556845,563	302,995	1322,5	111,09	191,905
197,40254	221	33X	516386,031	8556844,252	302,886	1340	112,56	190,326
200,68416	222	33X	516383,008	8556842,978	302,8	1360	114,24	188,56
203,60458	223	33X	516380,31	8556841,861	302,7556	1377,5	115,71	187,0456
206,21464	224	33X	516377,893	8556840,876	302,7388	1395	117,18	185,5588
208,6341	225	33X	516375,65	8556839,969	302,7276	1415	118,86	183,8676
210,98692	226	33X	516373,473	8556839,077	302,7	1432,5	120,33	182,37
213,36729	227	33X	516371,278	8556838,158	302,6404	1450	121,8	180,8404
215,7671	228	33X	516369,074	8556837,212	302,5592	1470	123,48	179,0792
218,1462	229	33X	516366,898	8556836,254	302,4734	1487,5	124,95	177,5234
220,46698	230	33X	516364,785	8556835,297	302,4	1507,5	126,63	175,77
222,7026	231	33X	516362,759	8556834,353	302,3533	1525	128,1	174,2533
224,87645	232	33X	516360,798	8556833,415	302,337	1542,5	129,57	172,767
227,02011	233	33X	516358,871	8556832,476	302,3522	1562,5	131,25	171,1022
229,16775	234	33X	516356,945	8556831,527	302,4	1580	132,72	169,68
231,34984	235	33X	516354,989	8556830,563	302,4792	1597,5	134,19	168,2892
233,58927	236	33X	516352,975	8556829,589	302,5802	1612,5	135,45	167,1302
235,9094	237	33X	516350,874	8556828,611	302,6911	1627,5	136,71	165,9811
238,33216	238	33X	516348,657	8556827,64	302,8	1645	138,18	164,62
240,86514	239	33X	516346,315	8556826,68	302,897	1660	139,44	163,457
243,46066	240	33X	516343,901	8556825,73	302,9796	1675	140,7	162,2796
246,0519	241	33X	516341,488	8556824,788	303,0475	1702,5	143,01	160,0375
248,57494	242	33X	516339,146	8556823,851	303,1	1732,5	145,53	157,57
250,98409	243	33X	516336,926	8556822,916	303,1375	1760	147,84	155,2975
253,32445	244	33X	516334,782	8556821,978	303,1637	1787,5	150,15	153,0137
255,6583	245	33X	516332,649	8556821,031	303,183	1815	152,46	150,723
258,05005	246	33X	516330,458	8556820,072	303,2	1842,5	154,77	148,43
260,5389	247	33X	516328,169	8556819,095	303,2186	1870	157,08	146,1386
263,07209	248	33X	516325,834	8556818,113	303,2406	1897,5	159,39	143,8506
265,57153	249	33X	516323,534	8556817,135	303,2673	1915	160,86	142,4073
267,95977	250	33X	516321,347	8556816,176	303,3	1932,5	162,33	140,97
270,18065	251	33X	516319,332	8556815,243	303,3398	1950	163,8	139,5398
272,26082	252	33X	516317,463	8556814,331	303,3867	1967,5	165,27	138,1167
274,24541	253	33X	516315,693	8556813,435	303,4404	1985	166,74	136,7004
276,1812	254	33X	516313,975	8556812,545	303,5009	2002,5	168,21	135,2909
278,11192	255	33X	516312,264	8556811,653	303,5678	2020	169,68	133,8878
280,08292	256	33X	516310,512	8556810,753	303,641	2047,5	171,99	131,651
282,13984	257	33X	516308,672	8556809,837	303,7202	2075	174,3	129,4202
284,32831	258	33X	516306,698	8556808,896	303,8053	2102,5	176,61	127,1953
286,6928	259	33X	516304,544	8556807,925	303,896	2130	178,92	124,976
289,28173	260	33X	516302,163	8556806,913	303,9922	2142,5	179,97	124,0222
292,14323	261	33X	516299,507	8556805,853	304,0936	2155	181,02	123,0736
295,32233	262	33X	516296,531	8556804,74	304,2	2165	181,86	122,34
298,82141	263	33X	516293,238	8556803,562	304,3095	2177,5	182,91	121,3995
302,44662	264	33X	516289,84	8556802,303	304,413	2187,5	183,75	120,663
305,96462	265	33X	516286,595	8556800,947	304,5	2200	184,8	119,7
309,20442	266	33X	516283,702	8556799,49	304,5633	2210	185,64	118,9233
312,20222	267	33X	516281,1	8556798,002	304,6103	2222,5	186,69	117,9203
315,02938	268	33X	516278,668	8556796,561	304,6522	2235	187,74	116,9122
317,75129	269	33X	516276,282	8556795,252	304,7	2247,5	188,79	115,91
320,43496	270	33X	516273,844	8556794,132	304,7621	2260	189,84	114,9221
323,10364	271	33X	516271,357	8556793,167	304,8362	2275	191,1	113,7362
325,75982	272	33X	516268,849	8556792,296	304,9172	2287,5	192,15	112,7672
328,40036	273	33X	516266,346	8556791,459	305	2300	193,2	111,8
331,02298	274	33X	516263,869	8556790,601	305,0803	2312,5	194,25	110,8303
333,65497	275	33X	516261,402	8556789,687	305,1572	2325	195,3	109,8572
336,3304	276	33X	516258,924	8556788,681	305,2305	2337,5	196,35	108,8805
339,0845	277	33X	516256,412	8556787,554	305,3	2347,5	197,19	108,11
341,94967	278	33X	516253,845	8556786,283	305,3651	2360	198,24	107,1251
344,93571	279	33X	516251,206	8556784,887	305,4225	2372,5	199,29	106,1325
348,04165	280	33X	516248,479	8556783,401	305,4687	2382,5	200,13	105,3387
351,26655	281	33X	516245,649	8556781,855	305,5	2395	201,18	104,32
354,59634	282	33X	516242,711	8556780,288	305,5142	2407,5	202,23	103,2842
357,96837	283	33X	516239,702	8556778,766	305,5153	2417,5	203,07	102,4453
361,31051	284	33X	516236,67	8556777,36	305,5087	2432,5	204,33	101,1787
364,55298	285	33X	516233,665	8556776,142	305,5	2447,5	205,59	99,91
367,65363	286	33X	516230,727	8556775,151	305,4922	2462,5	206,85	98,6422
370,63503	287	33X	516227,876	8556774,279	305,4789	2477,5	208,11	97,3689
373,52876	288	33X	516225,123	8556773,388	305,451	2492,5	209,37	96,081
376,37203	289	33X	516222,482	8556772,336	305,4	2507,5	210,63	94,77
379,22122	290	33X	516219,952	8556771,028	305,3217	2522,5	211,89	93,4317
382,09094	291	33X	516217,492	8556769,553	305,2319	2537,5	213,15	92,0819
384,96282	292	33X	516215,048	8556768,047	305,1511	2552,5	214,41	90,7411
387,81252	293	33X	516212,567	8556766,646	305,1	2567,5	215,67	89,43
390,63637	294	33X	516210,008	8556765,452	305,0934	2582,5	216,93	88,1634
393,44871	295	33X	516207,385	8556764,438	305,1235	2597,5	218,19	86,9335
396,25193	296	33X	516204,727	8556763,549	305,1762	2612,5	219,45	85,7262
399,04246	297	33X	516202,061	8556762,727	305,238	2627,5	220,71	84,528
401,81172	298	33X	516199,415	8556761,912	305,295	2642,5	221,97	83,325
404,55021	299	33X	516196,817	8556761,047	305,3335	2655	223,02	82,3135
407,25455	300	33X	516194,293	8556760,076	305,3398	2665	223,86	81,4798
409,92821	301	33X	516191,873	8556758,94	305,3	2675	224,7	80,6
412,60844	302	33X	516189,549	8556757,608	305,2082	2685	225,54	79,6682
415,39866	303	33X	516187,173	8556756,15	305,0892	2697,5	226,59	78,4992
418,40555	304	33X	516184,562	8556754,663	304,9756	2707,5	227,43	77,5456
421,74956	305	33X	516181,534	8556753,246	304,9	2717,5	228,27	76,63
425,50561	306	33X	516178,005	8556751,96	304,8829	2727,5	229,11	75,7729
429,4256	307	33X	516174,283	8556750,73	304,8963	2740	230,16	74,7363
433,16189	308	33X	516170,775	8556749,444	304,9	2750	231	73,9
436,46954	309	33X	516167,786	8556748,028	304,863	2760	231,84	73,023
439,44727	310	33X	516165,206	8556746,543	304,7908	2770	232,68	72,1108
442,23904	311	33X	516162,827	8556745,085	304,6982	2780	233,52	71,1782
444,97925	312	33X	516160,436	8556743,75	304,6	2790	234,36	70,24
447,78594	313	33X	516157,872	8556742,612	304,5085	2800	235,2	69,3085
450,66056	314	33X	516155,169	8556741,637	304,4273	2810	236,04	68,3873
453,55497	315	33X	516152,409	8556740,768	304,3574	2820	236,88	67,4774
456,40767	316	33X	516149,677	8556739,949	304,3	2830	237,72	66,58
459,17929	317	33X	516147,032	8556739,122	304,256	2840	238,56	65,696
461,90677	318	33X	516144,454	8556738,232	304,225	2850	239,4	64,825
464,65571	319	33X	516141,897	8556737,223	304,2066	2860	240,24	63,9666
467,49268	320	33X	516139,318	8556736,041	304,2	2870	241,08	63,12
470,46857	321	33X	516136,683	8556734,658	304,2034	2880	241,92	62,2834
473,53678	322	33X	516134,002	8556733,166	304,21	2890	242,76	61,45
476,62186	323	33X	516131,294	8556731,688	304,2116	2900	243,6	60,6116
479,65222	324	33X	516128,579	8556730,342	304,2	2910	244,44	59,76
482,58346	325	33X	516125,872	8556729,218	304,1693	2925	245,7	58,4693
485,44427	326	33X	516123,175	8556728,265	304,1224	2940	246,96	57,1624
488,27212	327	33X	516120,483	8556727,401	304,0643	2955	248,22	55,8443
491,09507	328	33X	516117,795	8556726,541	304	2972,5	249,69	54,31
493,93625	329	33X	516115,107	8556725,623	303,9349	2987,5	250,95	52,9849
496,79277	330	33X	516112,418	8556724,661	303,8754	3002,5	252,21	51,6654
499,65339	331	33X	516109,728	8556723,689	303,8282	3017,5	253,47	50,3582
502,50885	332	33X	516107,035	8556722,74	303,8	3032,5	254,73	49,07
505,35238	333	33X	516104,34	8556721,833	303,7942	3047,5	255,99	47,8042
508,1969	334	33X	516101,646	8556720,92	303,8009	3062,5	257,25	46,5509
511,05926	335	33X	516098,957	8556719,939	303,8073	3077,5	258,51	45,2973
513,96081	336	33X	516096,277	8556718,827	303,8	3092,5	259,77	44,03
516,92366	337	33X	516093,607	8556717,543	303,7697	3107,5	261,03	42,7397
519,95124	338	33X	516090,933	8556716,124	303,7208	3122,5	262,29	41,4308
523,02962	339	33X	516088,241	8556714,632	303,6616	3137,5	263,55	40,1116
526,14487	340	33X	516085,513	8556713,129	303,6	3152,5	264,81	38,79
529,28336	341	33X	516082,738	8556711,664	303,5428	3167,5	266,07	37,4728
532,43933	342	33X	516079,919	8556710,246	303,4911	3182,5	267,33	36,1611
535,6086	343	33X	516077,062	8556708,875	303,4447	3197,5	268,59	34,8547
538,78408	344	33X	516074,176	8556707,551	303,4033	3202,5	269,01	34,3933
541,96256	345	33X	516071,266	8556706,273	303,3666	3210	269,64	33,7266
545,13659	346	33X	516068,341	8556705,041	303,3343	3215	270,06	33,2743
548,30211	347	33X	516065,407	8556703,853	303,3062	3222,5	270,69	32,6162
551,45284	348	33X	516062,471	8556702,71	303,282	3227,5	271,11	32,172
554,58189	349	33X	516059,541	8556701,612	303,2615	3232,5	271,53	31,7315
557,6848	350	33X	516056,623	8556700,557	303,2444	3240	272,16	31,0844
560,75445	351	33X	516053,725	8556699,545	303,2303	3245	272,58	30,6503
563,7849	352	33X	516050,854	8556698,575	303,2191	3252,5	273,21	30,0091
566,77048	353	33X	516048,016	8556697,648	303,2105	3257,5	273,63	29,5805
569,7035	354	33X	516045,22	8556696,762	303,2043	3265	274,26	28,9443
572,57915	355	33X	516042,471	8556695,918	303,2	3272,5	274,89	28,31
575,39939	356	33X	516039,772	8556695,1	303,1976	3277,5	275,31	27,8876
578,20645	357	33X	516037,098	8556694,246	303,1968	3285	275,94	27,2568
581,05309	358	33X	516034,421	8556693,278	303,1977	3292,5	276,57	26,6277
584,00131	359	33X	516031,711	8556692,117	303,2	3300	277,2	26
587,09471	360	33X	516028,949	8556690,724	303,2034	3307,5	277,83	25,3734
590,27647	361	33X	516026,15	8556689,211	303,206	3315	278,46	24,746
593,45342	362	33X	516023,342	8556687,725	303,2056	3322,5	279,09	24,1156
596,53929	363	33X	516020,548	8556686,415	303,2	3330	279,72	23,48
599,48419	364	33X	516017,791	8556685,38	303,1873	3335	280,14	23,0473
602,3362	365	33X	516015,075	8556684,51	303,1667	3342,5	280,77	22,3967
605,14991	366	33X	516012,399	8556683,641	303,1378	3350	281,4	21,7378
607,9788	367	33X	516009,763	8556682,615	303,1	3355	281,82	21,28
610,88382	368	33X	516007,164	8556681,318	303,0536	3357,5	282,03	21,0236
613,85218	369	33X	516004,588	8556679,844	303,002	3362,5	282,45	20,552
616,83235	370	33X	516002,021	8556678,331	302,9494	3365	282,66	20,2894
619,7663	371	33X	515999,448	8556676,922	302,9	3370	283,08	19,82
622,62117	372	33X	515996,857	8556675,724	302,8576	3375	283,5	19,3576
625,41064	373	33X	515994,257	8556674,714	302,8251	3377,5	283,71	19,1151
628,15153	374	33X	515991,663	8556673,829	302,8051	3382,5	284,13	18,6751
630,85213	375	33X	515989,088	8556673,015	302,8	3385	284,34	18,46
633,52745	376	33X	515986,537	8556672,209	302,8096	3390	284,76	18,0496
636,22206	377	33X	515983,983	8556671,35	302,8224	3395	285,18	17,6424
638,99173	378	33X	515981,391	8556670,374	302,824	3397,5	285,39	17,434
641,89543	379	33X	515978,727	8556669,219	302,8	3402,5	285,81	16,99
644,97462	380	33X	515975,969	8556667,851	302,7414	3405	286,02	16,7214
648,15974	381	33X	515973,154	8556666,363	302,6602	3410	286,44	16,2202
651,34713	382	33X	515970,335	8556664,878	302,5739	3412,5	286,65	15,9239
654,4361	383	33X	515967,563	8556663,517	302,5	3417,5	287,07	15,43
657,35506	384	33X	515964,878	8556662,373	302,4515	3422,5	287,49	14,9615
660,13353	385	33X	515962,273	8556661,407	302,4243	3427,5	287,91	14,5143
662,819	386	33X	515959,729	8556660,547	302,41	3430	288,12	14,29
665,45353	387	33X	515957,227	8556659,722	302,4	3435	288,54	13,86
668,08215	388	33X	515954,741	8556658,868	302,387	3440	288,96	13,427
670,76106	389	33X	515952,224	8556657,951	302,3676	3445	289,38	12,9876
673,55629	390	33X	515949,617	8556656,943	302,3393	3450	289,8	12,5393
676,52891	391	33X	515946,867	8556655,815	302,3	3452,5	290,01	12,29
679,7227	392	33X	515943,934	8556654,552	302,2483	3457,5	290,43	11,8183
683,09441	393	33X	515940,852	8556653,186	302,1875	3462,5	290,85	11,3375
686,58326	394	33X	515937,669	8556651,759	302,1219	3467,5	291,27	10,8519
690,12378	395	33X	515934,437	8556650,315	302,056	3472,5	291,69	10,366
693,65371	396	33X	515931,205	8556648,897	301,9941	3475	291,9	10,0941
697,10896	397	33X	515928,024	8556647,549	301,9407	3480	292,32	9,6207
700,42944	398	33X	515924,942	8556646,314	301,9	3485	292,74	9,16
703,57023	399	33X	515921,998	8556645,22	301,8757	3490	293,16	8,7157
706,55811	400	33X	515919,173	8556644,247	301,8679	3495	293,58	8,2879
709,4368	401	33X	515916,436	8556643,355	301,8762	3500	294	7,8762
712,24536	402	33X	515913,758	8556642,509	301,9	3505	294,42	7,48
715,02775	403	33X	515911,106	8556641,668	301,9365	3512,5	295,05	6,8865
717,83264	404	33X	515908,447	8556640,776	301,9744	3517,5	295,47	6,5044
720,71244	405	33X	515905,748	8556639,772	302,0001	3525	296,1	5,9001
723,72556	406	33X	515902,973	8556638,598	302	3532,5	296,73	5,27
726,90632	407	33X	515900,105	8556637,223	301,9658	3537,5	297,15	4,8158
730,18452	408	33X	515897,184	8556635,736	301,9095	3545	297,78	4,1295
733,45742	409	33X	515894,267	8556634,253	301,8485	3550	298,2	3,6485
736,62198	410	33X	515891,41	8556632,893	301,8	3557,5	298,83	2,97
739,60453	411	33X	515888,659	8556631,741	301,777	3565	299,46	2,317
742,41847	412	33X	515886,019	8556630,767	301,7751	3570	299,88	1,8951
745,0954	413	33X	515883,484	8556629,907	301,7857	3577,5	300,51	1,2757
747,66226	414	33X	515881,048	8556629,098	301,8	3582,5	300,93	0,87
750,15247	415	33X	515878,696	8556628,28	301,8105	3590	301,56	0,2505
752,63668	416	33X	515876,371	8556627,405	301,8148	3600	302,4	-0,5852
755,19439	417	33X	515874,006	8556626,431	301,8118	3610	303,24	-1,4282
757,90698	418	33X	515871,535	8556625,312	301,8	3617,5	303,87	-2,07
760,82786	419	33X	515868,915	8556624,021	301,7793	3627,5	304,71	-2,9307
763,8932	420	33X	515866,198	8556622,602	301,7529	3637,5	305,55	-3,7971
767,0113	421	33X	515863,458	8556621,114	301,725	3647,5	306,39	-4,665
770,08912	422	33X	515860,77	8556619,615	301,7	3657,5	307,23	-5,53
773,06072	423	33X	515858,183	8556618,153	301,6802	3667,5	308,07	-6,3898
775,9671	424	33X	515855,65	8556616,728	301,6611	3675	308,7	-7,0389
778,88176	425	33X	515853,097	8556615,322	301,6365	3685	309,54	-7,9035
781,87283	426	33X	515850,453	8556613,924	301,6	3695	310,38	-8,78
784,99303	427	33X	515847,665	8556612,524	301,5477	3705	311,22	-9,6723
788,21686	428	33X	515844,755	8556611,138	301,4848	3715	312,06	-10,5752
791,4927	429	33X	515841,771	8556609,788	301,4186	3725	312,9	-11,4814
794,77647	430	33X	515838,754	8556608,493	301,3567	3732,5	313,53	-12,1733
798,01747	431	33X	515835,751	8556607,275	301,3064	3742,5	314,37	-13,0636
801,16956	432	33X	515832,804	8556606,157	301,2753	3750	315	-13,7247
804,18614	433	33X	515829,958	8556605,157	301,2707	3757,5	315,63	-14,3593
807,02029	434	33X	515827,257	8556604,299	301,3	3762,5	316,05	-14,75
809,67218	435	33X	515824,709	8556603,567	301,366	3770	316,68	-15,314
812,31163	436	33X	515822,181	8556602,813	301,4521	3777,5	317,31	-15,8579
815,1606	437	33X	515819,5	8556601,853	301,5372	3782,5	317,73	-16,1928
818,45583	438	33X	515816,496	8556600,5	301,6	3790	318,36	-16,76
822,33046	439	33X	515813,083	8556598,666	301,6251	3797,5	318,99	-17,3649
826,42784	440	33X	515809,521	8556596,641	301,6204	3802,5	319,41	-17,7896
830,2615	441	33X	515806,154	8556594,808	301,6	3810	320,04	-18,44
833,4704	442	33X	515803,243	8556593,458	301,5755	3817,5	320,67	-19,0945
836,17115	443	33X	515800,718	8556592,5	301,5501	3822,5	321,09	-19,5399
838,58349	444	33X	515798,426	8556591,748	301,5246	3830	321,72	-20,1954
840,91075	445	33X	515796,216	8556591,019	301,5	3837,5	322,35	-20,85
843,31842	446	33X	515793,965	8556590,165	301,4768	3842,5	322,77	-21,2932
845,80209	447	33X	515791,677	8556589,199	301,4536	3852,5	323,61	-22,1564
848,3136	448	33X	515789,387	8556588,168	301,4286	3862,5	324,45	-23,0214
850,80242	449	33X	515787,127	8556587,126	301,4	3872,5	325,29	-23,89
853,22787	450	33X	515784,923	8556586,114	301,3674	3882,5	326,13	-24,7626
855,60136	451	33X	515782,757	8556585,144	301,3357	3892,5	326,97	-25,6343
857,94439	452	33X	515780,604	8556584,22	301,3111	3902,5	327,81	-26,4989
860,28047	453	33X	515778,436	8556583,35	301,3	3912,5	328,65	-27,35
862,63581	454	33X	515776,231	8556582,522	301,3069	3922,5	329,49	-28,1831
865,04405	455	33X	515773,979	8556581,669	301,3288	3932,5	330,33	-29,0012
867,53595	456	33X	515771,678	8556580,713	301,3614	3942,5	331,17	-29,8086
870,1562	457	33X	515769,321	8556579,569	301,4	3952,5	332,01	-30,61
872,93362	458	33X	515766,907	8556578,196	301,4396	3962,5	332,85	-31,4104
875,81797	459	33X	515764,443	8556576,697	301,474	3965	333,06	-31,586
878,73015	460	33X	515761,938	8556575,212	301,4963	3965	333,06	-31,5637
881,59286	461	33X	515759,403	8556573,882	301,5	3965	333,06	-31,56
884,36918	462	33X	515756,845	8556572,803	301,4815	3965	333,06	-31,5785
887,10882	463	33X	515754,265	8556571,882	301,4502	3965	333,06	-31,6098
889,86	464	33X	515751,664	8556570,986	301,4189	3965	333,06	-31,6411
892,66951	465	33X	515749,042	8556569,977	301,4	3965	333,06	-31,66
895,58266	466	33X	515746,398	8556568,754	301,4032	3967,5	333,27	-31,8668
898,59803	467	33X	515743,729	8556567,351	301,4251	3967,5	333,27	-31,8449
901,69112	468	33X	515741,032	8556565,837	301,4595	3967,5	333,27	-31,8105
904,83454	469	33X	515738,301	8556564,281	301,5	3967,5	333,27	-31,77
908,0015	470	33X	515735,534	8556562,741	301,5411	3967,5	333,27	-31,7289
911,18303	471	33X	515732,735	8556561,229	301,5815	3967,5	333,27	-31,6885
914,37783	472	33X	515729,905	8556559,747	301,6204	3967,5	333,27	-31,6496
917,58015	473	33X	515727,049	8556558,299	301,6576	3965	333,06	-31,4024
920,78741	474	33X	515724,169	8556556,888	301,6924	3962,5	332,85	-31,1576
923,99484	475	33X	515721,27	8556555,516	301,7244	3960	332,64	-30,9156
927,2012	476	33X	515718,354	8556554,183	301,753	3960	332,64	-30,887
930,40138	477	33X	515715,425	8556552,894	301,7777	3957,5	332,43	-30,6523
933,59157	478	33X	515712,487	8556551,651	301,7981	3955	332,22	-30,4219
936,76983	479	33X	515709,542	8556550,456	301,8136	3955	332,22	-30,4064
939,9311	480	33X	515706,595	8556549,312	301,8237	3952,5	332,01	-30,1863
943,07392	481	33X	515703,648	8556548,22	301,8279	3950	331,8	-29,9721
946,19361	482	33X	515700,705	8556547,185	301,8257	3950	331,8	-29,9743
949,28696	483	33X	515697,77	8556546,208	301,8165	3952,5	332,01	-30,1935
952,35268	484	33X	515694,845	8556545,29	301,8	3955	332,22	-30,42
955,39041	485	33X	515691,934	8556544,422	301,7779	3957,5	332,43	-30,6521
958,42528	486	33X	515689,032	8556543,534	301,7614	3960	332,64	-30,8786
961,48772	487	33X	515686,134	8556542,544	301,7643	3962,5	332,85	-31,0857
964,61301	488	33X	515683,237	8556541,372	301,8	3965	333,06	-31,26
967,83548	489	33X	515680,336	8556539,971	301,8753	3967,5	333,27	-31,3947
971,10786	490	33X	515677,438	8556538,454	301,969	3970	333,48	-31,511
974,35859	491	33X	515674,547	8556536,97	302,0533	3972,5	333,69	-31,6367
977,51501	492	33X	515671,672	8556535,668	302,1	3975	333,9	-31,8
980,54716	493	33X	515668,818	8556534,644	302,0914	3977,5	334,11	-32,0186
983,49884	494	33X	515665,995	8556533,783	302,05	3980	334,32	-32,27
986,41208	495	33X	515663,215	8556532,913	302,0086	3982,5	334,53	-32,5214
989,33505	496	33X	515660,486	8556531,866	302	3987,5	334,95	-32,95
992,32146	497	33X	515657,816	8556530,529	302,0468	3990	335,16	-33,1132
995,33797	498	33X	515655,206	8556529,019	302,1311	3992,5	335,37	-33,2389
998,30851	499	33X	515652,649	8556527,51	302,2249	3995	335,58	-33,3551
1001,1489	500	33X	515650,143	8556526,175	302,3	3997,5	335,79	-33,49
1003,8261	501	33X	515647,678	8556525,131	302,3355	4005	336,42	-34,0845
1006,4284	502	33X	515645,224	8556524,265	302,3382	4012,5	337,05	-34,7118
1009,0527	503	33X	515642,744	8556523,407	302,3217	4022,5	337,89	-35,5683
1011,7903	504	33X	515640,204	8556522,386	302,3	4030	338,52	-36,22
1014,7192	505	33X	515637,579	8556521,087	302,2846	4037,5	339,15	-36,8654
1017,7891	506	33X	515634,89	8556519,606	302,2787	4047,5	339,99	-37,7113
1020,9004	507	33X	515632,173	8556518,09	302,2835	4055	340,62	-38,3365
1023,9507	508	33X	515629,462	8556516,692	302,3	4062,5	341,25	-38,95
1026,8778	509	33X	515626,779	8556515,522	302,3292	4072,5	342,09	-39,7608
1029,727	510	33X	515624,107	8556514,534	302,3718	4080	342,72	-40,3482
1032,5613	511	33X	515621,415	8556513,649	302,4285	4087,5	343,35	-40,9215
1035,4348	512	33X	515618,676	8556512,783	302,5	4092,5	343,77	-41,27
1038,384	513	33X	515615,873	8556511,87	302,5862	4100	344,4	-41,8138
1041,3737	514	33X	515613,041	8556510,917	302,6841	4105	344,82	-42,1359
1044,3486	515	33X	515610,231	8556509,946	302,7899	4110	345,24	-42,4501
1047,2566	516	33X	515607,49	8556508,981	302,9	4117,5	345,87	-42,97
1050,0631	517	33X	515604,85	8556508,035	303,011	4122,5	346,29	-43,279
1052,81	518	33X	515602,275	8556507,085	303,1212	4127,5	346,71	-43,5888
1055,5601	519	33X	515599,71	8556506,099	303,2296	4132,5	347,13	-43,9004
1058,3773	520	33X	515597,1	8556505,044	303,3348	4140	347,76	-44,4252
1061,3229	521	33X	515594,393	8556503,887	303,4356	4145	348,18	-44,7444
1064,4631	522	33X	515591,532	8556502,596	303,5309	4150	348,6	-45,0691
1067,8602	523	33X	515588,465	8556501,138	303,6194	4155	349,02	-45,4006
1071,5792	524	33X	515585,137	8556499,48	303,7	4162,5	349,65	-45,95
1075,6262	525	33X	515581,543	8556497,621	303,7721	4167,5	350,07	-46,2979
1079,7754	526	33X	515577,88	8556495,673	303,8378	4172,5	350,49	-46,6522
1083,7399	527	33X	515574,394	8556493,786	303,9	4180	351,12	-47,22
1087,3	528	33X	515571,271	8556492,078	303,9621	4182,5	351,33	-47,3679
1090,5036	529	33X	515568,449	8556490,563	304,0291	4182,5	351,33	-47,3009
1093,4603	530	33X	515565,808	8556489,236	304,1065	4185	351,54	-47,4335
1096,2861	531	33X	515563,228	8556488,087	304,2	4187,5	351,75	-47,55
1099,091	532	33X	515560,608	8556487,092	304,3128	4190	351,96	-47,6472
1101,9201	533	33X	515557,936	8556486,171	304,4391	4192,5	352,17	-47,7309
1104,7971	534	33X	515555,22	8556485,231	304,5708	4195	352,38	-47,8092
1107,7481	535	33X	515552,466	8556484,179	304,7	4197,5	352,59	-47,89
1110,7928	536	33X	515549,686	8556482,943	304,8196	4200	352,8	-47,9804
1113,9193	537	33X	515546,889	8556481,55	304,9272	4202,5	353,01	-48,0828
1117,0991	538	33X	515544,089	8556480,046	305,0211	4205	353,22	-48,1989
1120,2981	539	33X	515541,3	8556478,481	305,1	4207,5	353,43	-48,33
1123,4879	540	33X	515538,527	8556476,906	305,1649	4210	353,64	-48,4751
1126,6504	541	33X	515535,755	8556475,385	305,2273	4212,5	353,85	-48,6227
1129,771	542	33X	515532,965	8556473,989	305,301	4215	354,06	-48,759
1132,8511	543	33X	515530,133	8556472,782	305,4	4215	354,06	-48,66
1135,9015	544	33X	515527,248	8556471,8	305,5316	4217,5	354,27	-48,7384
1138,9471	545	33X	515524,332	8556470,933	305,6763	4220	354,48	-48,8037
1142,0027	546	33X	515521,413	8556470,039	305,8078	4222,5	354,69	-48,8822
1145,084	547	33X	515518,522	8556468,977	305,9	4225	354,9	-49
1148,2198	548	33X	515515,681	8556467,65	305,9352	4227,5	355,11	-49,1748
1151,3903	549	33X	515512,883	8556466,159	305,9301	4230	355,32	-49,3899
1154,5437	550	33X	515510,112	8556464,654	305,91	4232,5	355,53	-49,62
1157,625	551	33X	515507,355	8556463,278	305,9	4235	355,74	-49,84
1160,6084	552	33X	515504,596	8556462,143	305,9196	4235	355,74	-49,8204
1163,5416	553	33X	515501,821	8556461,194	305,9656	4237,5	355,95	-49,9844
1166,4752	554	33X	515499,016	8556460,337	306,0287	4240	356,16	-50,1313
1169,4511	555	33X	515496,168	8556459,477	306,1	4242,5	356,37	-50,27
1172,5002	556	33X	515493,268	8556458,538	306,1717	4245	356,58	-50,4083
1175,6136	557	33X	515490,33	8556457,51	306,2419	4247,5	356,79	-50,5481
1178,7735	558	33X	515487,373	8556456,398	306,3101	4250	357	-50,6899
1181,9593	559	33X	515484,417	8556455,212	306,3755	4252,5	357,21	-50,8345
1185,1515	560	33X	515481,482	8556453,958	306,4379	4252,5	357,21	-50,7721
1188,3326	561	33X	515478,586	8556452,643	306,4964	4255	357,42	-50,9236
1191,4827	562	33X	515475,75	8556451,273	306,5506	4257,5	357,63	-51,0794
1194,5829	563	33X	515472,992	8556449,858	306,6	4260	357,84	-51,24
1197,6365	564	33X	515470,305	8556448,408	306,6433	4260	357,84	-51,1967
1200,7329	565	33X	515467,573	8556446,951	306,6772	4260	357,84	-51,1628
1203,9843	566	33X	515464,652	8556445,523	306,6974	4260	357,84	-51,1426
1207,5119	567	33X	515461,4	8556444,156	306,7	4260	357,84	-51,14
1211,3838	568	33X	515457,748	8556442,87	306,686	4257,5	357,63	-50,944
1215,411	569	33X	515453,919	8556441,622	306,677	4257,5	357,63	-50,953
1219,3277	570	33X	515450,213	8556440,355	306,7	4257,5	357,63	-50,93
1222,935	571	33X	515446,861	8556439,024	306,7732	4257,5	357,63	-50,8568
1226,285	572	33X	515443,819	8556437,625	306,8806	4257,5	357,63	-50,7494
1229,4831	573	33X	515440,976	8556436,165	306,9977	4257,5	357,63	-50,6323
1232,6285	574	33X	515438,222	8556434,649	307,1	4257,5	357,63	-50,53
1235,794	575	33X	515435,464	8556433,097	307,1696	4257,5	357,63	-50,4604
1238,9636	576	33X	515432,683	8556431,577	307,2156	4255	357,42	-50,2044
1242,1006	577	33X	515429,88	8556430,169	307,2538	4255	357,42	-50,1662
1245,1769	578	33X	515427,055	8556428,952	307,3	4255	357,42	-50,12
1248,1914	579	33X	515424,206	8556427,969	307,3657	4252,5	357,21	-49,8443
1251,1968	580	33X	515421,328	8556427,107	307,4446	4250	357	-49,5554
1254,2495	581	33X	515418,409	8556426,217	307,5262	4247,5	356,79	-49,2638
1257,4035	582	33X	515415,443	8556425,147	307,6	4245	356,58	-48,98
1260,7057	583	33X	515412,429	8556423,799	307,6584	4242,5	356,37	-48,7116
1264,0924	584	33X	515409,398	8556422,289	307,7061	4240	356,16	-48,4539
1267,4553	585	33X	515406,393	8556420,78	307,7507	4237,5	355,95	-48,1993
1270,6871	586	33X	515403,452	8556419,441	307,8	4235	355,74	-47,94
1273,7266	587	33X	515400,604	8556418,381	307,8601	4232,5	355,53	-47,6699
1276,6518	588	33X	515397,819	8556417,489	307,9311	4230	355,32	-47,3889
1279,5592	589	33X	515395,054	8556416,594	308,0115	4227,5	355,11	-47,0985
1282,545	590	33X	515392,266	8556415,529	308,1	4222,5	354,69	-46,59
1285,6945	591	33X	515389,421	8556414,181	308,1935	4220	354,48	-46,2865
1288,9605	592	33X	515386,528	8556412,668	308,2822	4217,5	354,27	-45,9878
1292,2504	593	33X	515383,606	8556411,158	308,3548	4215	354,06	-45,7052
1295,4707	594	33X	515380,674	8556409,827	308,4	4212,5	353,85	-45,45
1298,5767	595	33X	515377,747	8556408,788	308,4114	4210	353,64	-45,2286
1301,6148	596	33X	515374,834	8556407,925	308,4027	4207,5	353,43	-45,0273
1304,6379	597	33X	515371,937	8556407,061	308,3927	4205	353,22	-44,8273
1307,6946	598	33X	515369,062	8556406,023	308,4	4200	352,8	-44,4
1310,8444	599	33X	515366,207	8556404,693	308,4374	4197,5	352,59	-44,1526
1314,0781	600	33X	515363,347	8556403,185	308,4944	4195	352,38	-43,8856
1317,3443	601	33X	515360,453	8556401,672	308,554	4190	351,96	-43,406
1320,5961	602	33X	515357,495	8556400,322	308,6	4187,5	351,75	-43,15
1323,8158	603	33X	515354,458	8556399,253	308,62	4182,5	351,33	-42,71
1327,0047	604	33X	515351,395	8556398,366	308,6199	4180	351,12	-42,5001
1330,1482	605	33X	515348,372	8556397,504	308,6098	4177,5	350,91	-42,3002
1333,2252	606	33X	515345,459	8556396,513	308,6	4172,5	350,49	-41,89
1336,2558	607	33X	515342,691	8556395,279	308,5996	4170	350,28	-41,6804
1339,3154	608	33X	515339,984	8556393,853	308,6136	4167,5	350,07	-41,4564
1342,4669	609	33X	515337,223	8556392,334	308,6458	4162,5	349,65	-41,0042
1345,769	610	33X	515334,291	8556390,816	308,7	4160	349,44	-40,74
1349,2683	611	33X	515331,104	8556389,373	308,778	4157,5	349,23	-40,452
1352,932	612	33X	515327,709	8556387,999	308,8732	4155	349,02	-40,1468
1356,7052	613	33X	515324,181	8556386,665	308,9767	4152,5	348,81	-39,8333
1360,5254	614	33X	515320,598	8556385,344	309,0799	4150	348,6	-39,5201
1364,3292	615	33X	515317,037	8556384,01	309,174	4147,5	348,39	-39,216
1368,0551	616	33X	515313,575	8556382,635	309,2503	4145	348,18	-38,9297
1371,6447	617	33X	515310,289	8556381,191	309,3	4142,5	347,97	-38,67
1375,0623	618	33X	515307,228	8556379,671	309,3181	4140	347,76	-38,4419
1378,3312	619	33X	515304,334	8556378,151	309,3149	4137,5	347,55	-38,2351
1381,4864	620	33X	515301,519	8556376,726	309,3042	4135	347,34	-38,0358
1384,5681	621	33X	515298,696	8556375,49	309,3	4132,5	347,13	-37,83
1387,6265	622	33X	515295,803	8556374,498	309,3127	4130	346,92	-37,6073
1390,6853	623	33X	515292,868	8556373,637	309,3385	4127,5	346,71	-37,3715
1393,7404	624	33X	515289,944	8556372,752	309,37	4125	346,5	-37,13
1396,7928	625	33X	515287,084	8556371,686	309,4	4122,5	346,29	-36,89
1399,8632	626	33X	515284,324	8556370,341	309,4233	4120	346,08	-36,6567
1402,9428	627	33X	515281,64	8556368,831	309,4437	4117,5	345,87	-36,4263
1405,9892	628	33X	515278,992	8556367,325	309,4672	4115	345,66	-36,1928
1408,9567	629	33X	515276,34	8556365,994	309,5	4112,5	345,45	-35,95
1411,8384	630	33X	515273,654	8556364,951	309,5458	4110	345,24	-35,6942
1414,6801	631	33X	515270,949	8556364,082	309,5994	4105	344,82	-35,2206
1417,5158	632	33X	515268,248	8556363,22	309,6533	4102,5	344,61	-34,9567
1420,3776	633	33X	515265,575	8556362,199	309,7	4100	344,4	-34,7
1423,3066	634	33X	515262,949	8556360,902	309,7357	4097,5	344,19	-34,4543
1426,2885	635	33X	515260,36	8556359,423	309,7713	4092,5	343,77	-33,9987
1429,269	636	33X	515257,792	8556357,911	309,8213	4090	343,56	-33,7387
1432,1891	637	33X	515255,23	8556356,512	309,9	4087,5	343,35	-33,45
1435,0183	638	33X	515252,659	8556355,337	310,0159	4085	343,14	-33,1241
1437,7882	639	33X	515250,076	8556354,346	310,1528	4080	342,72	-32,5672
1440,5346	640	33X	515247,479	8556353,463	310,2882	4077,5	342,51	-32,2218
1443,2856	641	33X	515244,866	8556352,61	310,4	4075	342,3	-31,9
1446,0645	642	33X	515242,233	8556351,724	310,4709	4072,5	342,09	-31,6191
1448,8845	643	33X	515239,571	8556350,794	310,5051	4067,5	341,67	-31,1649
1451,7601	644	33X	515236,864	8556349,824	310,5117	4065	341,46	-30,9483
1454,7016	645	33X	515234,101	8556348,815	310,5	4062,5	341,25	-30,75
1457,7147	646	33X	515231,275	8556347,77	310,4787	4060	341,04	-30,5613
1460,7807	647	33X	515228,406	8556346,689	310,4547	4057,5	340,83	-30,3753
1463,8774	648	33X	515225,519	8556345,569	310,434	4055	340,62	-30,186
1466,9802	649	33X	515222,642	8556344,407	310,423	4052,5	340,41	-29,987
1470,0672	650	33X	515219,799	8556343,204	310,4279	4050	340,2	-29,7721
1473,1155	651	33X	515217,018	8556341,956	310,4548	4047,5	339,99	-29,5352
1476,1047	652	33X	515214,324	8556340,662	310,5101	4045	339,78	-29,2699
1479,0143	653	33X	515211,744	8556339,32	310,6	4042,5	339,57	-28,97
1481,8537	654	33X	515209,27	8556337,932	310,7224	4040	339,36	-28,6376
1484,734	655	33X	515206,768	8556336,51	310,8421	4037,5	339,15	-28,3079
1487,7958	656	33X	515204,067	8556335,07	310,9158	4035	338,94	-28,0242
1491,1854	657	33X	515200,999	8556333,629	310,9	4032,5	338,73	-27,83
1494,9821	658	33X	515197,479	8556332,212	310,7704	4030	338,52	-27,7496
1498,9282	659	33X	515193,768	8556330,884	310,5798	4027,5	338,31	-27,7302
1502,6751	660	33X	515190,21	8556329,723	310,4	4025	338,1	-27,7
1505,9638	661	33X	515187,066	8556328,765	310,2868	4022,5	337,89	-27,6032
1508,8988	662	33X	515184,26	8556327,906	310,2319	4022,5	337,89	-27,6581
1511,6767	663	33X	515181,632	8556327,006	310,2111	4022,5	337,89	-27,6789
1514,5031	664	33X	515179,021	8556325,924	310,2	4022,5	337,89	-27,69
1517,5379	665	33X	515176,305	8556324,57	310,1795	4020	337,68	-27,5005
1520,7233	666	33X	515173,501	8556323,059	310,1515	4020	337,68	-27,5285
1523,9326	667	33X	515170,665	8556321,557	310,1226	4020	337,68	-27,5574
1527,0438	668	33X	515167,852	8556320,228	310,1	4020	337,68	-27,58
1529,9837	669	33X	515165,103	8556319,186	310,0887	4020	337,68	-27,5913
1532,8147	670	33X	515162,409	8556318,316	310,0872	4017,5	337,47	-27,3828
1535,6144	671	33X	515159,745	8556317,455	310,0921	4017,5	337,47	-27,3779
1538,4617	672	33X	515157,087	8556316,434	310,1	4017,5	337,47	-27,37
1541,4288	673	33X	515154,417	8556315,14	310,1107	4017,5	337,47	-27,3593
1544,4915	674	33X	515151,733	8556313,665	310,137	4015	337,26	-27,123
1547,5801	675	33X	515149,041	8556312,152	310,1948	4015	337,26	-27,0652
1550,6266	676	33X	515146,342	8556310,743	310,3	4015	337,26	-26,96
1553,5836	677	33X	515143,641	8556309,55	310,459	4010	336,84	-26,381
1556,4706	678	33X	515140,941	8556308,544	310,6397	4005	336,42	-25,7803
1559,3133	679	33X	515138,244	8556307,66	310,8006	4000	336	-25,1994
1562,1288	680	33X	515135,553	8556306,838	310,9	3995	335,58	-24,68
1564,9365	681	33X	515132,869	8556306,014	310,9112	3990	335,16	-24,2488
1567,7592	682	33X	515130,185	8556305,141	310,8666	3985	334,74	-23,8734
1570,6215	683	33X	515127,494	8556304,167	310,8138	3980	334,32	-23,5062
1573,5514	684	33X	515124,788	8556303,044	310,8	3977,5	334,11	-23,31
1576,577	685	33X	515122,057	8556301,743	310,8605	3972,5	333,69	-22,8295
1579,69	686	33X	515119,293	8556300,316	310,9814	3967,5	333,27	-22,2886
1582,8734	687	33X	515116,483	8556298,828	311,1366	3962,5	332,85	-21,7134
1586,1018	688	33X	515113,618	8556297,349	311,3	3955	332,22	-20,92
1589,3572	689	33X	515110,69	8556295,934	311,45	3950	331,8	-20,35
1592,6352	690	33X	515107,705	8556294,586	311,5826	3942,5	331,17	-19,5874
1595,9345	691	33X	515104,671	8556293,295	311,6981	3937,5	330,75	-19,0519
1599,2532	692	33X	515101,597	8556292,048	311,797	3930	330,12	-18,323
1602,5887	693	33X	515098,491	8556290,835	311,8796	3922,5	329,49	-17,6104
1605,9345	694	33X	515095,364	8556289,647	311,9464	3917,5	329,07	-17,1236
1609,2884	695	33X	515092,223	8556288,472	311,9977	3910	328,44	-16,4423
1612,6465	696	33X	515089,077	8556287,298	312,034	3905	328,02	-15,986
1616,0045	697	33X	515085,934	8556286,116	312,0556	3897,5	327,39	-15,3344
1619,3565	698	33X	515082,805	8556284,914	312,063	3892,5	326,97	-14,907
1622,6997	699	33X	515079,697	8556283,682	312,0565	3885	326,34	-14,2835
1626,0303	700	33X	515076,619	8556282,41	312,0366	3880	325,92	-13,8834
1629,3462	701	33X	515073,579	8556281,086	312,0036	3872,5	325,29	-13,2864
1632,6439	702	33X	515070,588	8556279,698	311,9579	3865	324,66	-12,7021
1635,9221	703	33X	515067,653	8556278,239	311,9	3860	324,24	-12,34
1639,1755	704	33X	515064,781	8556276,712	311,8325	3855	323,82	-11,9875
1642,3744	705	33X	515061,967	8556275,192	311,7673	3847,5	323,19	-11,4227
1645,4818	706	33X	515059,203	8556273,773	311,7184	3842,5	322,77	-11,0516
1648,4666	707	33X	515056,483	8556272,544	311,7	3835	322,14	-10,44
1651,3279	708	33X	515053,797	8556271,558	311,7197	3830	321,72	-10,0003
1654,1365	709	33X	515051,123	8556270,7	311,7594	3825	321,3	-9,5406
1656,9632	710	33X	515048,438	8556269,817	311,7944	3817,5	320,67	-8,8756
1659,8846	711	33X	515045,718	8556268,751	311,8	3812,5	320,25	-8,45
1662,9664	712	33X	515042,947	8556267,403	311,7604	3807,5	319,83	-8,0696
1666,1518	713	33X	515040,144	8556265,891	311,695	3800	319,2	-7,505
1669,3397	714	33X	515037,335	8556264,385	311,6322	3795	318,78	-7,1478
1672,4284	715	33X	515034,547	8556263,056	311,6	3787,5	318,15	-6,55
1675,3628	716	33X	515031,802	8556262,019	311,6168	3782,5	317,73	-6,1132
1678,205	717	33X	515029,094	8556261,157	311,6604	3777,5	317,31	-5,6496
1681,0183	718	33X	515026,416	8556260,296	311,6988	3770	316,68	-4,9812
1683,8709	719	33X	515023,757	8556259,263	311,7	3765	316,26	-4,56
1686,8342	720	33X	515021,106	8556257,94	311,6429	3757,5	315,63	-3,9871
1689,8903	721	33X	515018,445	8556256,44	311,5509	3752,5	315,21	-3,6591
1692,9784	722	33X	515015,754	8556254,928	311,4585	3747,5	314,79	-3,3315
1696,0383	723	33X	515013,011	8556253,573	311,4	3740	314,16	-2,76
1699,0442	724	33X	515010,207	8556252,49	311,4007	3735	313,74	-2,3393
1702,017	725	33X	515007,378	8556251,578	311,4485	3727,5	313,11	-1,6615
1704,9667	726	33X	515004,567	8556250,687	311,522	3722,5	312,69	-1,168
1707,8972	727	33X	515001,822	8556249,664	311,6	3717,5	312,27	-0,67
1710,8339	728	33X	514999,172	8556248,4	311,6653	3710	311,64	0,0253
1713,789	729	33X	514996,592	8556246,96	311,7177	3705	311,22	0,4977
1716,7555	730	33X	514994,039	8556245,45	311,7613	3697,5	310,59	1,1713
1719,7122	731	33X	514991,475	8556243,978	311,8	3697,5	310,59	1,21
1722,6536	732	33X	514988,862	8556242,628	311,8373	3697,5	310,59	1,2473
1725,5965	733	33X	514986,192	8556241,391	311,8741	3695	310,38	1,4941
1728,5636	734	33X	514983,46	8556240,234	311,9106	3695	310,38	1,5306
1731,5756	735	33X	514980,661	8556239,122	311,9472	3695	310,38	1,5672
1734,6478	736	33X	514977,792	8556238,024	311,9842	3692,5	310,17	1,8142
1737,7977	737	33X	514974,847	8556236,907	312,0218	3692,5	310,17	1,8518
1741,04	738	33X	514971,823	8556235,738	312,0603	3690	309,96	2,1003
1744,3921	739	33X	514968,715	8556234,483	312,1	3690	309,96	2,14
1747,8597	740	33X	514965,525	8556233,124	312,1411	3690	309,96	2,1811
1751,4086	741	33X	514962,279	8556231,69	312,1833	3687,5	309,75	2,4333
1754,9899	742	33X	514959,01	8556230,228	312,2264	3687,5	309,75	2,4764
1758,5552	743	33X	514955,751	8556228,783	312,27	3687,5	309,75	2,52
1762,0585	744	33X	514952,533	8556227,399	312,3136	3687,5	309,75	2,5636
1765,452	745	33X	514949,39	8556226,12	312,3571	3687,5	309,75	2,6071
1768,6911	746	33X	514946,354	8556224,992	312,4	3685	309,54	2,86
1771,7547	747	33X	514943,445	8556224,032	312,4442	3685	309,54	2,9042
1774,7006	748	33X	514940,637	8556223,143	312,5004	3685	309,54	2,9604
1777,6058	749	33X	514937,89	8556222,201	312,5814	3685	309,54	3,0414
1780,5541	750	33X	514935,164	8556221,084	312,7	3685	309,54	3,16
1783,6192	751	33X	514932,427	8556219,714	312,8627	3685	309,54	3,3227
1786,7774	752	33X	514929,66	8556218,203	313,0505	3685	309,54	3,5105
1789,9633	753	33X	514926,853	8556216,708	313,2381	3685	309,54	3,6981
1793,1165	754	33X	514923,993	8556215,39	313,4	3685	309,54	3,86
1796,2121	755	33X	514921,079	8556214,352	313,5174	3685	309,54	3,9774
1799,275	756	33X	514918,143	8556213,483	313,5974	3685	309,54	4,0574
1802,3158	757	33X	514915,229	8556212,616	313,6537	3685	309,54	4,1137
1805,3455	758	33X	514912,379	8556211,589	313,7	3685	309,54	4,16
1808,3945	759	33X	514909,622	8556210,288	313,7474	3685	309,54	4,2074
1811,4616	760	33X	514906,936	8556208,808	313,7973	3685	309,54	4,2573
1814,5134	761	33X	514904,285	8556207,297	313,8486	3680	309,12	4,7286
1817,5122	762	33X	514901,632	8556205,9	313,9	3677,5	308,91	4,99
1820,4383	763	33X	514898,95	8556204,731	313,9507	3675	308,7	5,2507
1823,3123	764	33X	514896,247	8556203,756	314,0008	3670	308,28	5,7208
1826,1522	765	33X	514893,538	8556202,905	314,0505	3667,5	308,07	5,9805
1828,9659	766	33X	514890,84	8556202,108	314,1	3665	307,86	6,24
1831,7628	767	33X	514888,164	8556201,296	314,1496	3660	307,44	6,7096
1834,5774	768	33X	514885,492	8556200,413	314,1995	3657,5	307,23	6,9695
1837,4506	769	33X	514882,803	8556199,402	314,2496	3655	307,02	7,2296
1840,4305	770	33X	514880,075	8556198,204	314,3	3652,5	306,81	7,49
1843,5458	771	33X	514877,295	8556196,799	314,3507	3647,5	306,39	7,9607
1846,7352	772	33X	514874,485	8556195,291	314,4013	3645	306,18	8,2213
1849,9079	773	33X	514871,677	8556193,815	314,4513	3642,5	305,97	8,4813
1852,9726	774	33X	514868,904	8556192,511	314,5	3637,5	305,55	8,95
1855,8843	775	33X	514866,186	8556191,468	314,5474	3635	305,34	9,2074
1858,7061	776	33X	514863,506	8556190,586	314,5952	3632,5	305,13	9,4652
1861,5176	777	33X	514860,832	8556189,719	314,6454	3630	304,92	9,7254
1864,3926	778	33X	514858,137	8556188,719	314,7	3630	304,92	9,78
1867,4063	779	33X	514855,39	8556187,481	314,7611	3627,5	304,71	10,0511
1870,5752	780	33X	514852,561	8556186,055	314,8304	3627,5	304,71	10,1204
1873,884	781	33X	514849,622	8556184,537	314,9095	3625	304,5	10,4095
1877,3185	782	33X	514846,541	8556183,022	315	3625	304,5	10,5
1880,8623	783	33X	514843,305	8556181,581	315,1024	3622,5	304,29	10,8124
1884,4865	784	33X	514839,952	8556180,21	315,2127	3622,5	304,29	10,9227
1888,1507	785	33X	514836,538	8556178,884	315,3257	3622,5	304,29	11,0357
1891,8142	786	33X	514833,117	8556177,578	315,4361	3620	304,08	11,3561
1895,4361	787	33X	514829,743	8556176,265	315,5388	3620	304,08	11,4588
1898,9737	788	33X	514826,471	8556174,923	315,6285	3617,5	303,87	11,7585
1902,3897	789	33X	514823,355	8556173,525	315,7	3617,5	303,87	11,83
1905,6624	790	33X	514820,429	8556172,06	315,7497	3615	303,66	12,0897
1908,8199	791	33X	514817,64	8556170,58	315,7802	3615	303,66	12,1202
1911,8974	792	33X	514814,916	8556169,148	315,7956	3612,5	303,45	12,3456
1914,9307	793	33X	514812,183	8556167,832	315,8	3612,5	303,45	12,35
1917,9537	794	33X	514809,389	8556166,678	315,7977	3612,5	303,45	12,3477
1920,9573	795	33X	514806,561	8556165,666	315,7936	3612,5	303,45	12,3436
1923,9135	796	33X	514803,747	8556164,76	315,7927	3612,5	303,45	12,3427
1926,7907	797	33X	514800,994	8556163,924	315,8	3612,5	303,45	12,35
1929,5698	798	33X	514798,335	8556163,116	315,8203	3610	303,24	12,5803
1932,2941	799	33X	514795,747	8556162,266	315,8578	3610	303,24	12,6178
1935,0288	800	33X	514793,19	8556161,298	315,9164	3610	303,24	12,6764
1937,8447	801	33X	514790,626	8556160,137	316	3610	303,24	12,76
1940,7998	802	33X	514788,021	8556158,746	316,1084	3610	303,24	12,8684
1943,8586	803	33X	514785,364	8556157,235	316,2249	3610	303,24	12,9849
1946,9508	804	33X	514782,652	8556155,753	316,3291	3610	303,24	13,0891
1950,0169	805	33X	514779,878	8556154,449	316,4	3610	303,24	13,16
1953,0355	806	33X	514777,041	8556153,418	316,4258	3610	303,24	13,1858
1956,053	807	33X	514774,151	8556152,55	316,4298	3607,5	303,03	13,3998
1959,1089	808	33X	514771,221	8556151,682	316,4438	3607,5	303,03	13,4138
1962,2436	809	33X	514768,262	8556150,649	316,5	3607,5	303,03	13,47
1965,4956	810	33X	514765,287	8556149,341	316,618	3607,5	303,03	13,588
1968,8383	811	33X	514762,296	8556147,856	316,7684	3607,5	303,03	13,7384
1972,2084	812	33X	514759,289	8556146,341	316,9096	3607,5	303,03	13,8796
1975,5372	813	33X	514756,267	8556144,948	317	3607,5	303,03	13,97
1978,7865	814	33X	514753,233	8556143,785	317,0101	3610	303,24	13,7701
1981,9724	815	33X	514750,202	8556142,805	316,9592	3610	303,24	13,7192
1985,1097	816	33X	514747,194	8556141,917	316,8787	3610	303,24	13,6387
1988,2057	817	33X	514744,228	8556141,033	316,8	3610	303,24	13,56
1991,266	818	33X	514741,32	8556140,081	316,748	3612,5	303,45	13,298
1994,2993	819	33X	514738,467	8556139,051	316,722	3612,5	303,45	13,272
1997,3088	820	33X	514735,667	8556137,948	316,7144	3612,5	303,45	13,2644
2000,2987	821	33X	514732,915	8556136,779	316,7182	3612,5	303,45	13,2682
2003,2748	822	33X	514730,205	8556135,549	316,726	3615	303,66	13,066
2006,2393	823	33X	514727,534	8556134,263	316,7304	3615	303,66	13,0704
2009,1954	824	33X	514724,896	8556132,929	316,7242	3615	303,66	13,0642
2012,1456	825	33X	514722,288	8556131,55	316,7	3615	303,66	13,04
2015,1096	826	33X	514719,684	8556130,135	316,654	3615	303,66	12,994
2018,177	827	33X	514716,972	8556128,703	316,5963	3617,5	303,87	12,7263
2021,4598	828	33X	514714,019	8556127,27	316,5405	3617,5	303,87	12,6705
2025,0758	829	33X	514710,692	8556125,854	316,5	3617,5	303,87	12,63
2029,0659	830	33X	514706,946	8556124,48	316,4845	3615	303,66	12,8245
2033,1345	831	33X	514703,085	8556123,197	316,4879	3615	303,66	12,8279
2036,8958	832	33X	514699,5	8556122,059	316,5	3615	303,66	12,84
2040,0678	833	33X	514696,48	8556121,089	316,5135	3612,5	303,45	13,0635
2042,7971	834	33X	514693,901	8556120,196	316,5311	3612,5	303,45	13,0811
2045,3411	835	33X	514691,536	8556119,259	316,5581	3612,5	303,45	13,1081
2047,9607	836	33X	514689,158	8556118,161	316,6	3610	303,24	13,36
2050,8543	837	33X	514686,594	8556116,821	316,6585	3610	303,24	13,4185
2053,946	838	33X	514683,883	8556115,336	316,7217	3610	303,24	13,4817
2057,092	839	33X	514681,116	8556113,84	316,774	3610	303,24	13,534
2060,147	840	33X	514678,384	8556112,473	316,8	3607,5	303,03	13,77
2063,0121	841	33X	514675,755	8556111,334	316,79	3607,5	303,03	13,76
2065,7456	842	33X	514673,194	8556110,379	316,7572	3602,5	302,61	14,1472
2068,4376	843	33X	514670,642	8556109,523	316,7209	3595	301,98	14,7409
2071,1697	844	33X	514668,041	8556108,687	316,7	3590	301,56	15,14
2074,0013	845	33X	514665,351	8556107,803	316,7082	3582,5	300,93	15,7782
2076,8928	846	33X	514662,615	8556106,868	316,7369	3577,5	300,51	16,2269
2079,784	847	33X	514659,893	8556105,894	316,7722	3572,5	300,09	16,6822
2082,6111	848	33X	514657,248	8556104,896	316,8	3565	299,46	17,34
2085,3335	849	33X	514654,72	8556103,886	316,8102	3560	299,04	17,7702
2087,9856	850	33X	514652,264	8556102,885	316,8077	3552,5	298,41	18,3977
2090,619	851	33X	514649,815	8556101,917	316,8014	3547,5	297,99	18,8114
2093,2906	852	33X	514647,305	8556101,002	316,8	3542,5	297,57	19,23
2096,0437	853	33X	514644,688	8556100,147	316,8104	3535	296,94	19,8704
2098,8749	854	33X	514641,991	8556099,286	316,8321	3530	296,52	20,3121
2101,7678	855	33X	514639,259	8556098,335	316,8628	3525	296,1	20,7628
2104,7126	856	33X	514636,537	8556097,212	316,9	3520	295,68	21,22
2107,7097	857	33X	514633,859	8556095,867	316,9403	3515	295,26	21,6803
2110,7529	858	33X	514631,199	8556094,389	316,9762	3510	294,84	22,1362
2113,8171	859	33X	514628,521	8556092,9	316,999	3505	294,42	22,579
2116,8765	860	33X	514625,788	8556091,525	317	3500	294	23
2119,9192	861	33X	514622,979	8556090,356	316,9735	3495	293,58	23,3935
2122,9281	862	33X	514620,137	8556089,369	316,9255	3490	293,16	23,7655
2125,8703	863	33X	514617,323	8556088,512	316,8647	3485	292,74	24,1247
2128,7077	864	33X	514614,596	8556087,731	316,8	3480	292,32	24,48
2131,4107	865	33X	514612,001	8556086,977	316,7386	3475	291,9	24,8386
2134,0093	866	33X	514609,514	8556086,226	316,6816	3470	291,48	25,2016
2136,5446	867	33X	514607,099	8556085,456	316,6281	3465	291,06	25,5681
2139,0595	868	33X	514604,718	8556084,648	316,5775	3460	290,64	25,9375
2141,5995	869	33X	514602,331	8556083,781	316,5293	3455	290,22	26,3093
2144,2076	870	33X	514599,901	8556082,835	316,4827	3450	289,8	26,6827
2146,9285	871	33X	514597,39	8556081,788	316,437	3445	289,38	27,057
2149,8053	872	33X	514594,76	8556080,623	316,3916	3440	288,96	27,4316
2152,8839	873	33X	514591,973	8556079,316	316,3459	3432,5	288,33	28,0159
2156,2076	874	33X	514588,991	8556077,849	316,2992	3427,5	287,91	28,3892
2159,8215	875	33X	514585,775	8556076,201	316,2508	3422,5	287,49	28,7608
2163,7697	876	33X	514582,287	8556074,352	316,2	3415	286,86	29,34
2168,0305	877	33X	514578,538	8556072,328	316,1452	3410	286,44	29,7052
2172,3248	878	33X	514574,73	8556070,344	316,0808	3402,5	285,81	30,2708
2176,3141	879	33X	514571,114	8556068,661	316	3397,5	285,39	30,61
2179,7698	880	33X	514567,876	8556067,458	315,9012	3390	284,76	31,1412
2182,8266	881	33X	514564,949	8556066,582	315,8026	3385	284,34	31,4626
2185,6868	882	33X	514562,2	8556065,796	315,7278	3377,5	283,71	32,0178
2188,5464	883	33X	514559,497	8556064,863	315,7	3372,5	283,29	32,41
2191,5769	884	33X	514556,737	8556063,612	315,7328	3365	282,66	33,0728
2194,7489	885	33X	514553,928	8556062,14	315,8007	3360	282,24	33,5607
2197,9572	886	33X	514551,111	8556060,606	315,8682	3352,5	281,61	34,2582
2201,0925	887	33X	514548,323	8556059,172	315,9	3347,5	281,19	34,71
2204,0797	888	33X	514545,592	8556057,962	315,8707	3340	280,56	35,3107
2206,9529	889	33X	514542,904	8556056,95	315,7946	3335	280,14	35,6546
2209,765	890	33X	514540,234	8556056,073	315,6963	3327,5	279,51	36,1863
2212,5622	891	33X	514537,556	8556055,271	315,6	3322,5	279,09	36,51
2215,3846	892	33X	514534,848	8556054,479	315,5251	3315	278,46	37,0651
2218,2714	893	33X	514532,09	8556053,628	315,4709	3302,5	277,41	38,0609
2221,2583	894	33X	514529,268	8556052,65	315,4311	3287,5	276,15	39,2811
2224,3914	895	33X	514526,363	8556051,477	315,4	3275	275,1	40,3
2227,6939	896	33X	514523,372	8556050,077	315,3709	3260	273,84	41,5309
2231,0885	897	33X	514520,335	8556048,561	315,3345	3247,5	272,79	42,5445
2234,4601	898	33X	514517,307	8556047,079	315,2808	3232,5	271,53	43,7508
2237,6999	899	33X	514514,341	8556045,778	315,2	3220	270,48	44,72
2240,7448	900	33X	514511,475	8556044,756	315,0866	3205	269,22	45,8666
2243,6712	901	33X	514508,681	8556043,896	314,9537	3192,5	268,17	46,7837
2246,5685	902	33X	514505,92	8556043,028	314,819	3177,5	266,91	47,909
2249,5327	903	33X	514503,148	8556041,985	314,7	3165	265,86	48,84
2252,6496	904	33X	514500,331	8556040,654	314,6092	3150	264,6	50,0092
2255,8897	905	33X	514497,463	8556039,148	314,5381	3137,5	263,55	50,9881
2259,1773	906	33X	514494,544	8556037,637	314,4729	3122,5	262,29	52,1829
2262,438	907	33X	514491,575	8556036,291	314,4	3110	261,24	53,16
2265,6356	908	33X	514488,562	8556035,224	314,3094	3095	259,98	54,3294
2268,7982	909	33X	514485,531	8556034,327	314,2065	3080	258,72	55,4865
2271,9495	910	33X	514482,511	8556033,433	314,1003	3065	257,46	56,6403
2275,1089	911	33X	514479,535	8556032,377	314	3050	256,2	57,8
2278,3078	912	33X	514476,627	8556031,047	313,9126	3035	254,94	58,9726
2281,5138	913	33X	514473,793	8556029,55	313,8361	3020	253,68	60,1561
2284,6552	914	33X	514471,037	8556028,044	313,7666	3007,5	252,63	61,1366
2287,6564	915	33X	514468,361	8556026,687	313,7	2992,5	251,37	62,33
2290,4992	916	33X	514465,738	8556025,593	313,6325	2977,5	250,11	63,5225
2293,3496	917	33X	514463,038	8556024,682	313,5616	2962,5	248,85	64,7116
2296,4099	918	33X	514460,102	8556023,822	313,4848	2947,5	247,59	65,8948
2299,8728	919	33X	514456,768	8556022,89	313,4	2932,5	246,33	67,07
2303,8334	920	33X	514452,967	8556021,781	313,3057	2917,5	245,07	68,2357
2308,0278	921	33X	514448,973	8556020,504	313,2046	2902,5	243,81	69,3946
2312,1033	922	33X	514445,151	8556019,093	313,1	2892,5	242,97	70,13
2315,8002	923	33X	514441,775	8556017,59	312,9953	2882,5	242,13	70,8653
2319,1711	924	33X	514438,764	8556016,078	312,8925	2870	241,08	71,8125
2322,3323	925	33X	514435,946	8556014,649	312,7934	2860	240,24	72,5534
2325,3953	926	33X	514433,153	8556013,395	312,7	2847,5	239,19	73,51
2328,4764	927	33X	514430,249	8556012,369	312,6137	2837,5	238,35	74,2637
2331,6143	928	33X	514427,244	8556011,469	312,5349	2827,5	237,51	75,0249
2334,8099	929	33X	514424,183	8556010,554	312,4637	2815	236,46	76,0037
2338,0633	930	33X	514421,112	8556009,482	312,4	2805	235,62	76,78
2341,3815	931	33X	514418,069	8556008,16	312,3436	2792,5	234,57	77,7736
2344,7383	932	33X	514415,058	8556006,677	312,2928	2795	234,78	77,5128
2348,0802	933	33X	514412,074	8556005,173	312,2456	2795	234,78	77,4656
2351,3502	934	33X	514409,114	8556003,784	312,2	2797,5	234,99	77,21
2354,5126	935	33X	514406,176	8556002,615	312,1525	2800	235,2	76,9525
2357,5894	936	33X	514403,26	8556001,635	312,0938	2800	235,2	76,8938
2360,6079	937	33X	514400,366	8556000,781	312,0132	2802,5	235,41	76,6032
2363,5869	938	33X	514397,497	8555999,987	311,9	2802,5	235,41	76,49
2366,5428	939	33X	514394,654	8555999,192	311,7495	2805	235,62	76,1295
2369,4907	940	33X	514391,839	8555998,333	311,5818	2805	235,62	75,9618
2372,4474	941	33X	514389,054	8555997,353	311,4232	2807,5	235,83	75,5932
2375,4347	942	33X	514386,303	8555996,195	311,3	2807,5	235,83	75,47
2378,477	943	33X	514383,586	8555994,828	311,2307	2810	236,04	75,1907
2381,5502	944	33X	514380,895	8555993,344	311,2038	2810	236,04	75,1638
2384,6064	945	33X	514378,221	8555991,864	311,2	2812,5	236,25	74,95
2387,5983	946	33X	514375,553	8555990,51	311,2	2815	236,46	74,74
2390,5029	947	33X	514372,882	8555989,369	311,1885	2815	236,46	74,7285
2393,3561	948	33X	514370,201	8555988,393	311,1654	2817,5	236,67	74,4954
2396,1972	949	33X	514367,504	8555987,5	311,1346	2820	236,88	74,2546
2399,0584	950	33X	514364,785	8555986,61	311,1	2822,5	237,09	74,01
2401,9663	951	33X	514362,039	8555985,654	311,0648	2822,5	237,09	73,9748
2404,9133	952	33X	514359,278	8555984,624	311,0306	2825	237,3	73,7306
2407,885	953	33X	514356,518	8555983,523	310,9984	2827,5	237,51	73,4884
2410,8671	954	33X	514353,773	8555982,358	310,969	2820	236,88	74,089
2413,8462	955	33X	514351,058	8555981,132	310,9435	2812,5	236,25	74,6935
2416,8095	956	33X	514348,387	8555979,849	310,9228	2805	235,62	75,3028
2419,7411	957	33X	514345,776	8555978,516	310,908	2797,5	234,99	75,918
2422,6291	958	33X	514343,239	8555977,136	310,9	2790	234,36	76,54
2425,4798	959	33X	514340,766	8555975,718	310,8989	2782,5	233,73	77,1689
2428,3829	960	33X	514338,243	8555974,282	310,9014	2775	233,1	77,8014
2431,4501	961	33X	514335,53	8555972,851	310,9032	2747,5	230,79	80,1132
2434,7988	962	33X	514332,488	8555971,451	310,9	2720	228,48	82,42
2438,4835	963	33X	514329,058	8555970,105	310,8869	2692,5	226,17	84,7169
2442,2706	964	33X	514325,49	8555968,836	310,8564	2665	223,86	86,9964
2445,8399	965	33X	514322,118	8555967,667	310,8	2637,5	221,55	89,25
2448,9565	966	33X	514319,187	8555966,611	310,7135	2612,5	219,45	91,2635
2451,7219	967	33X	514316,601	8555965,637	310,6079	2587,5	217,35	93,2579
2454,3169	968	33X	514314,182	8555964,704	310,4984	2565	215,46	95,0384
2456,9242	969	33X	514311,749	8555963,772	310,4	2540	213,36	97,04
2459,6834	970	33X	514309,164	8555962,81	310,3243	2517,5	211,47	98,8543
2462,5583	971	33X	514306,459	8555961,838	310,2694	2492,5	209,37	100,8994
2465,4715	972	33X	514303,706	8555960,886	310,2297	2470	207,48	102,7497
2468,3439	973	33X	514300,979	8555959,984	310,2	2447,5	205,59	104,61
2471,1201	974	33X	514298,334	8555959,141	310,1767	2422,5	203,49	106,6867
2473,8419	975	33X	514295,749	8555958,289	310,1646	2400	201,6	108,5646
2476,5744	976	33X	514293,187	8555957,339	310,1701	2375	199,5	110,6701
2479,393	977	33X	514290,609	8555956,2	310,2	2352,5	197,61	112,59
2482,3573	978	33X	514287,984	8555954,824	310,2578	2330	195,72	114,5378
2485,4255	979	33X	514285,312	8555953,318	310,335	2302,5	193,41	116,925
2488,5177	980	33X	514282,601	8555951,833	310,4196	2275	191,1	119,3196
2491,562	981	33X	514279,858	8555950,515	310,5	2247,5	188,79	121,71
2494,5249	982	33X	514277,089	8555949,463	310,5669	2222,5	186,69	123,8769
2497,4557	983	33X	514274,299	8555948,567	310,6206	2195	184,38	126,2406
2500,4048	984	33X	514271,49	8555947,67	310,664	2167,5	182,07	128,594
2503,4216	985	33X	514268,665	8555946,612	310,7	2140	179,76	130,94
2506,552	986	33X	514265,829	8555945,287	310,7309	2115	177,66	133,0709
2509,7474	987	33X	514263,004	8555943,794	310,7577	2087,5	175,35	135,4077
2512,9157	988	33X	514260,216	8555942,289	310,7805	2060	173,04	137,7405
2515,9653	989	33X	514257,489	8555940,924	310,8	2032,5	170,73	140,07
2518,8404	990	33X	514254,839	8555939,809	310,8156	2002,5	168,21	142,6056
2521,5945	991	33X	514252,247	8555938,878	310,8238	1972,5	165,69	145,1338
2524,297	992	33X	514249,683	8555938,024	310,8201	1940	162,96	147,8601
2527,0102	993	33X	514247,118	8555937,14	310,8	1910	160,44	150,36
2529,7894	994	33X	514244,526	8555936,138	310,7617	1880	157,92	152,8417
2532,6457	995	33X	514241,895	8555935,027	310,7132	1850	155,4	155,3132
2535,5797	996	33X	514239,215	8555933,834	310,665	1817,5	152,67	157,995
2538,5894	997	33X	514236,476	8555932,587	310,6279	1787,5	150,15	160,4779
2541,6699	998	33X	514233,669	8555931,318	310,6122	1757,5	147,63	162,9822
2544,8184	999	33X	514230,785	8555930,055	310,6286	1727,5	145,11	165,5186
2548,0332	1000	33X	514227,815	8555928,826	310,6877	1687,5	141,75	168,9377
2551,3163	1001	33X	514224,748	8555927,66	310,8	1647,5	138,39	172,41
2554,6661	1002	33X	514221,583	8555926,576	310,9709	1607,5	135,03	175,9409
2558,067	1003	33X	514218,348	8555925,549	311,1854	1567,5	131,67	179,5154
2561,4974	1004	33X	514215,078	8555924,54	311,4231	1527,5	128,31	183,1131
2564,9318	1005	33X	514211,809	8555923,515	311,6636	1487,5	124,95	186,7136
2568,3477	1006	33X	514208,576	8555922,435	311,8869	1447,5	121,59	190,2969
2571,7234	1007	33X	514205,415	8555921,265	312,0724	1407,5	118,23	193,8424
2575,0455	1008	33X	514202,36	8555919,966	312,2	1370	115,08	197,12
2578,304	1009	33X	514199,437	8555918,527	312,2568	1330	111,72	200,5368
2581,4923	1010	33X	514196,622	8555917,03	312,2595	1307,5	109,83	202,4295
2584,5929	1011	33X	514193,882	8555915,579	312,2325	1287,5	108,15	204,0825
2587,5884	1012	33X	514191,184	8555914,278	312,2	1265	106,26	205,94
2590,4827	1013	33X	514188,498	8555913,2	312,1831	1245	104,58	207,6031
2593,3219	1014	33X	514185,813	8555912,277	312,1904	1222,5	102,69	209,5004
2596,1522	1015	33X	514183,12	8555911,407	312,2276	1202,5	101,01	211,2176
2599,01	1016	33X	514180,414	8555910,491	312,3	1180	99,12	213,18
2601,9225	1017	33X	514177,691	8555909,463	312,4078	1140	95,76	216,6478
2604,8459	1018	33X	514174,972	8555908,396	312,5288	1100	92,4	220,1288
2607,7163	1019	33X	514172,281	8555907,403	312,6354	1060	89,04	223,5954
2610,4756	1020	33X	514169,644	8555906,593	312,7	1020	85,68	227,02
2613,1065	1021	33X	514167,073	8555906,035	312,7046	980	82,32	230,3846
2615,689	1022	33X	514164,523	8555905,628	312,6695	940	78,96	233,7095
2618,3064	1023	33X	514161,936	8555905,233	312,6247	902,5	75,81	236,8147
2621,0386	1024	33X	514159,255	8555904,707	312,6	862,5	72,45	240,15
2623,9537	1025	33X	514156,441	8555903,946	312,6192	822,5	69,09	243,5292
2627,0183	1026	33X	514153,53	8555902,99	312,6807	772,5	64,89	247,7907
2630,162	1027	33X	514150,577	8555901,916	312,7769	725	60,9	251,8769
2633,3088	1028	33X	514147,637	8555900,801	312,9	675	56,7	256,2
2636,3924	1029	33X	514144,755	8555899,714	313,0469	627,5	52,71	260,3369
2639,3966	1030	33X	514141,934	8555898,698	313,2327	580	48,72	264,5127
2642,3224	1031	33X	514139,165	8555897,785	313,4772	530	44,52	268,9572
2645,1719	1032	33X	514136,442	8555897,01	313,8	482,5	40,53	273,27
2647,9347	1033	33X	514133,78	8555896,393	314,2073	432,5	36,33	277,8773
2650,5157	1034	33X	514131,287	8555895,893	314,6509	397,5	33,39	281,2609
2652,7926	1035	33X	514129,092	8555895,456	315,0691	362,5	30,45	284,6191
2654,6393	1036	33X	514127,327	8555895,025	315,4	330	27,72	287,68
2655,9865	1037	33X	514126,078	8555894,561	315,5989	295	24,78	290,8189
2656,9369	1038	33X	514125,262	8555894,082	315,6886	260	21,84	293,8486
2657,6233	1039	33X	514124,753	8555893,622	315,709	225	18,9	296,809
2658,1498	1040	33X	514124,424	8555893,211	315,7	190	15,96	299,74
								0
								0
								0
								0
								0
								0
								0
								0
								0
								0
								0
								0
								0
								0
								0
								0
								0
								0
								0
								0
								0
								0
								0
								0
								0
								0
								0
								0
								0
								0
								0
								0
								0
								0
								0
								0
								0
								0
								0
								0
								0
								0
								0
								0
								0
								0
								0
								0
								0
								0
								0
								0
								0
								0
								0
								0
								0
								0
								0
								0
								0
								0
								0
								0
								0
								0
								0
								0
								0
								0
								0
								0
								0
								0
								0
								0
								0
								0
								0
								0
								0
								0
								0
								0
								0
								0
								0
								0
								0
								0
								0
								0
								0
								0
								0
								0
								0
								0
								0
								0
								0
								0
								0
								0
								0
								0
								0
								0
								0
								0
								0
								0
								0
								0
								0
								0
								0
								0
								0
								0
								0
								0
								0
								0
								0
								0
								0
								0
								0
								0
								0
								0
								0
								0
								0
								0
								0
								0
								0
								0
								0
								0
								0
								0
								0
								0
								0
								0
								0
								0
								0
								0
								0
								0
								0
								0
								0
								0
								0
								0
								0
								0
								0
								0
								0
								0
								0
								0
								0
								0
								0
								0
								0
								0
								0
								0
								0
								0
								0
								0
								0
								0
								0
								0
								0
								0
								0
								0
								0
								0
								0
								0
								0
								0
								0
								0
								0
								0
								0
								0
								0
								0
								0
								0
								0
								0
								0
								0
								0
								0
								0
								0
								0
								0
								0
								0
								0
								0
								0
								0
								0
								0
								0
								0
								0
								0
								0
								0
								0
								0
								0
								0
								0
								0
								0
								0
								0
								0
								0
								0
								0
								0
								0
								0
								0
								0
								0
								0
								0
								0
								0
								0
								0
								0
								0
								0
								0
								0
								0
								0
								0
								0
								0
								0
								0
								0
								0
								0
								0
								0
								0
								0
								0
								0
								0
								0
								0
								0
								0
								0
								0
								0
								0
								0
								0
								0
								0
								0
								0
								0
								0
								0
								0
								0
								0
								0
								0
								0
								0
								0
								0
								0
								0
								0
								0
								0
								0
								0
								0
								0
								0
								0
								0
								0
								0
								0
								0
								0
								0
								0
								0
								0
								0
								0
								0
								0
								0
								0
								0
								0
								0
								0
								0
								0
								0
								0
								0
								0
								0
								0
								0
								0
								0
								0
								0
								0
								0
								0
								0
								0
								0
								0
								0
								0
								0
								0
								0
								0
								0
								0
								0
								0
								0
								0
								0
								0
								0
								0
								0
								0
								0
								0
								0
								0
								0
								0
								0
								0
								0
								0
								0
								0
								0
								0
								0
								0
								0
								0
								0
								0
								0
								0
								0
								0
								0
								0
								0
								0
								0
								0
								0
								0
								0
								0
								0
								0
								0
								0
								0
								0
								0
								0
								0
								0
								0
								0
								0
								0
								0
								0
								0
								0
								0
								0
								0
								0
								0
								0
								0
								0
								0
								0
								0
								0
								0
								0
								0
								0
								0
								0
								0
								0
								0
								0
								0
								0
								0
								0
								0
								0
								0
								0
								0
								0
								0
								0
								0
								0
								0
								0
								0
								0
								0
								0
								0
								0
								0
								0
								0
								0
								0
								0
								0
								0
								0
								0
								0
								0
								0
								0
								0
								0
								0
								0
								0
								0
								0
								0
								0
								0
								0
								0
								0
								0
								0
								0
								0
								0
								0
								0
								0
								0
								0
								0
								0
								0
								0
								0
								0
								0
								0
								0
								0
								0
								0
								0
								0
								0
								0
								0
								0
								0
								0
								0
								0
								0
								0
								0
								0
								0
								0
								0
								0
								0
								0
								0
								0
								0
								0
								0
								0
								0
								0
								0
								0
								0
								0
								0
								0
								0
								0
								0
								0
								0
								0
								0
								0
								0
								0
								0
								0
								0
								0
								0
								0
								0
								0
								0
								0
								0
								0
								0
								0
								0
								0
								0
								0
								0
								0
								0
								0
								0
								0
								0
								0
								0
								0
								0
								0
								0
								0
								0
								0
								0
								0
								0
								0
								0
								0
								0
								0
								0
								0
								0
								0
								0
								0
								0
								0
								0
								0
								0
								0
								0
								0
								0
								0
								0
								0
								0
								0
								0
								0
								0
								0
								0
								0
								0
								0
								0
								0
								0
								0
								0
								0
								0
								0
								0
								0
								0
								0
								0
								0
								0
								0
								0
								0
								0
								0
								0
								0
								0
								0
								0
								0
								0
								0
								0
								0
								0
								0
								0
								0
								0
								0
								0
								0
								0
								0
								0
								0
								0
								0
								0
								0
								0
								0
								0
								0
								0
								0
								0
								0
								0
								0
								0
								0
								0
								0
								0
								0
								0
								0
								0
								0
								0
								0
								0
								0
								0
								0
								0
								0
								0
								0
								0
								0
								0
								0
								0
								0
								0
								0
								0
								0
								0
								0
								0
								0
								0
								0
								0
								0
								0
								0
								0
								0
								0
								0
								0
								0
								0
								0
								0
								0
								0
								0
								0
								0
								0
								0
								0
								0
								0
								0
								0
								0
								0
								0
								0
								0
								0
								0
								0
								0
								0
								0
								0
								0
								0
								0
								0
								0
								0
								0
								0
								0
								0
								0
								0
								0
								0
								0
								0
								0
								0
								0
								0
								0
								0
								0
								0
								0
								0
								0
								0
								0
								0
								0
								0
								0
								0
								0
								0
								0
								0
								0
								0
								0
								0
								0
								0
								0
								0
								0
								0
								0
								0
								0
								0
								0
								0
								0
								0
								0
								0
								0
								0
								0
								0
								0
								0
								0
								0
								0
								0
								0
								0
								0
								0
								0
								0
								0
								0
								0
								0
								0
								0
								0
								0
								0
								0
								0
								0
								0
								0
								0
								0
								0
								0
								0
								0
								0
								0
								0
								0
								0
								0
								0
								0
								0
								0
								0
								0
								0
								0
								0
								0
								0
								0
								0
								0
								0
								0
								0
								0
								0
								0
								0
								0
								0
								0
								0
								0
								0
								0
								0
								0
								0
								0
								0
								0
								0
								0
								0
								0
								0
								0
								0
								0
								0
								0
								0
								0
								0
								0
								0
								0
								0
								0
								0
								0
								0
								0
								0
								0
								0
								0
								0
								0
								0
								0
								0
								0
								0
								0
								0
								0
								0
								0
								0
								0
								0
								0
								0
								0
								0
								0
								0
								0
								0
								0
								0
								0
								0
								0
								0
								0
								0
								0
								0
								0
								0
								0
								0
								0
								0
								0
								0
								0
								0
								0
								0
								0
								0
								0
								0
								0
								0
								0
								0
								0
								0
								0
								0
								0
								0
								0
								0
								0
								0
								0
								0
								0
								0
								0
								0
								0
								0
								0
								0
								0
								0
								0
								0
								0
								0
								0
								0
								0
								0
								0
								0
								0
								0
								0
								0
								0
								0
								0
								0
								0
								0
								0
								0
								0
								0
								0
								0
								0
								0
								0
								0
								0
								0
								0
								0
								0
								0
								0
								0
								0
								0
								0
								0
								0
								0
								0
								0
								0
								0
								0
								0
								0
								0
								0
								0
								0
								0
								0
								0
								0
								0
								0
								0
								0
								0
								0
								0
								0
								0
								0
								0
								0
								0
								0
								0
								0
								0
								0
								0
								0
								0
								0
								0
								0
								0
								0
								0
								0
								0
								0
								0
								0
								0
								0
								0
								0
								0
								0
								0
								0
								0
								0
								0
								0
								0
								0
								0
								0
								0
								0
								0
								0
								0
								0
								0
								0
								0
								0
								0
								0
								0
								0
								0
								0
								0
								0
								0
								0
								0
								0
								0
								0
								0
								0
								0
								0
								0
								0
								0
								0
								0
								0
								0
								0
								0
								0
								0
								0
								0
								0
								0
								0
								0
								0
								0
								0
								0
								0
								0
								0
								0
								0
								0
								0
								0
								0
								0
								0
								0
								0
								0
								0
								0
								0
								0
								0
								0
								0
								0
								0
								0
								0
								0
								0
								0
								0
								0
								0
								0
								0
								0
								0
								0
								0
								0
								0
								0
								0
								0
								0
								0
								0
								0
								0
								0
								0
								0
								0
								0
								0
								0
								0
								0
								0
								0
								0
								0
								0
								0
								0
								0
								0
								0
								0
								0
								0
								0
								0
								0
								0
								0
								0
								0
								0
								0
								0
								0
								0
								0
								0
								0
								0
								0
								0
								0
								0
								0
								0
								0
								0
								0
								0
								0
								0
								0
								0
								0
								0
								0
								0
								0
								0
								0
								0
								0
								0
								0
								0
								0
								0
								0
								0
								0
								0
								0
								0
								0
								0
								0
								0
								0
								0
								0
								0
								0
								0
								0
								0
								0
								0
								0
								0
								0
								0
								0
								0
								0
								0
								0
								0
								0
								0
								0
								0
								0
								0
								0
								0
								0
								0
								0
								0
								0
								0
								0
								0
								0
								0
								0
								0
								0
								0
								0
								0
								0
								0
								0
								0
								0
								0
								0
								0
								0
								0
								0
								0
								0
								0
								0
								0
								0
								0
								0
								0
								0
								0
								0
								0
								0
								0
								0
								0
								0
								0
								0
								0
								0
								0
								0
								0
								0
								0
								0
								0
								0
								0
								0
								0
								0
								0
								0
								0
								0
								0
								0
								0
								0
								0
								0
								0
								0
								0
								0
								0
								0
								0
								0
								0
								0
								0
								0
								0
								0
								0
								0
								0
								0
								0
								0
								0
								0
								0
								0
								0
								0
								0
								0
								0
								0
								0
								0
								0
								0
								0
								0
								0
								0
								0
								0
								0
								0
								0
								0
								0
								0
								0
								0
								0
								0
								0
								0
								0
								0
								0
								0
								0
								0
								0
								0
								0
								0
								0
								0
								0
								0
								0
								0
								0
								0
								0
								0
								0
								0
								0
								0
								0
								0
								0
								0
								0
								0
								0
								0
								0
								0
								0
								0
								0
								0
								0
								0
								0
								0
								0
								0
								0
								0
								0
								0
								0
								0
								0
								0
								0
								0
								0
								0
								0
								0
								0
								0
								0
								0
								0
								0
								0
								0
								0
								0
								0
								0
								0
								0
								0
								0
								0
								0
								0
								0
								0
								0
								0
								0
								0
								0
								0
								0
								0
								0
								0
								0
								0
								0
								0
								0
								0
								0
								0
								0
								0
								0
								0
								0
								0
								0
								0
								0
								0
								0
								0
								0
								0
								0
								0
								0
								0
								0
								0
								0
								0
								0
								0
								0
								0
								0
								0
								0
								0
								0
								0
								0
								0
								0
								0
								0
								0
								0
								0
								0
								0
								0
								0
								0
								0
								0
								0
								0
								0
								0
								0
								0
								0
								0
								0
								0
								0
								0
								0
								0
								0
								0
								0
								0
								0
								0
								0
								0
								0
								0
								0
								0
								0
								0
								0
								0
								0
								0
								0
								0
								0
								0
								0
								0
								0
								0
								0
								0
								0
								0
								0
								0
								0
								0
								0
								0
								0
								0
								0
								0
								0
								0
								0
								0
								0
								0
								0
								0
								0
								0
								0
								0
								0
								0
								0
								0
								0
								0
								0
								0
								0
								0
								0
								0
								0
								0
								0
								0
								0
								0
								0
								0
								0
								0
								0
								0
								0
								0
								0
								0
								0
								0
								0
								0
								0
								0
								0
								0
								0
								0
								0
								0
								0
								0
								0
								0
								0
								0
								0
								0
								0
								0
								0
								0
								0
								0
								0
								0
								0
								0
								0
								0
								0
								0
								0
								0
								0
								0
								0
								0
								0
								0
								0
								0
								0
								0
								0
								0
								0
								0
								0
								0
								0
								0
								0
								0
								0
								0
								0
								0
								0
								0
								0
								0
								0
								0
								0
								0
								0
								0
								0
								0
								0
								0
								0
								0
								0
								0
								0
								0
								0
								0
								0
								0
								0
								0
								0
								0
								0
								0
								0
								0
								0
								0
								0
								0
								0
								0
								0
								0
								0
								0
								0
								0
								0
								0
								0
								0
								0
								0
								0
								0
								0
								0
								0
								0
								0
								0
								0
								0
								0
								0
								0
								0
								0
								0
								0
								0
								0
								0
								0
								0
								0
								0
								0
								0
								0
								0
								0
								0
								0
								0
								0
								0
								0
								0
								0
								0
								0
								0
								0
								0
								0
								0
								0
								0
								0
								0
								0
								0
								0
								0
								0
								0
								0
								0
								0
								0
								0
								0
								0
								0
								0
								0
								0
								0
								0
								0
								0
								0
								0
								0
								0
								0
								0
								0
								0
								0
								0
								0
								0
								0
								0
								0
								0
								0
								0
								0
								0
								0
								0
								0
								0
								0
								0
								0
								0
								0
								0
								0
								0
								0
								0
								0
								0
								0
								0
								0
								0
								0
								0
								0
								0
								0
								0
								0
								0
								0
								0
								0
								0
								0
								0
								0
								0
								0
								0
								0
								0
								0
								0
								0
								0
								0
								0
								0
								0
								0
								0
								0
								0
								0
								0
								0
								0
								0
								0
								0
								0
								0
								0
								0
								0
								0
								0
								0
								0
								0
								0
								0
								0
								0
								0
								0
								0
								0
								0
								0
								0
								0
								0
								0
								0
								0
								0
								0
								0
								0
								0
								0
								0
								0
								0
								0
								0
								0
								0
								0
								0
								0
								0
								0
								0
								0
								0
								0
								0
								0
								0
								0
								0
								0
								0
								0
								0
								0
								0
								0
								0
								0
								0
								0
								0
								0
								0
								0
								0
								0
								0
								0
								0
								0
								0
								0
								0
								0
								0
								0
								0
								0
								0
								0
								0
								0
								0
								0
								0
								0
								0
								0
								0
								0
								0
								0
								0
								0
								0
								0
								0
								0
								0
								0
								0
								0
								0
								0
								0
								0
								0
								0
								0
								0
								0
								0
								0
								0
								0
								0
								0
								0
								0
								0
								0
								0
								0
								0
								0
								0
								0
								0
								0
								0
								0
								0
								0
								0
								0
								0
								0
								0
								0
								0
								0
								0
								0
								0
								0
								0
								0
								0
								0
								0
								0
								0
								0
								0
								0
								0
								0
								0
								0
								0
								0
								0
								0
								0
								0
								0
								0
								0
								0
								0
								0
								0
								0
								0
								0
								0
								0
								0
								0
								0
								0
								0
								0
								0
								0
								0
								0
								0
								0
								0
								0
								0
								0
								0
								0
								0
								0
								0
								0
								0
								0
								0
								0
								0
								0
								0
								0
								0
								0
								0
								0
								0
								0
								0
								0
								0
								0
								0
								0
								0
								0
								0
								0
								0
								0
								0
								0
								0
								0
								0
								0
								0
								0
								0
								0
								0
								0
								0
								0
								0
								0
								0
								0
								0
								0
								0
								0
								0
								0
								0
								0
								0
								0
								0
								0
								0
								0
								0
								0
								0
								0
								0
								0
								0
								0
								0
								0
								0
								0
								0
								0
								0
								0
								0
								0
								0
								0
								0
								0
								0
								0
								0
								0
								0
								0
								0
								0
								0
								0
								0
								0
								0
								0
								0
								0
								0
								0
								0
								0
								0
								0
								0
								0
								0
								0
								0
								0
								0
								0
								0
								0
								0
								0
								0
								0
								0
								0
								0
								0
								0
								0
								0
								0
								0
								0
								0
								0
								0
								0
								0
								0
								0
								0
								0
								0
								0
								0
								0
								0
								0
								0
								0
								0
								0
								0
								0
								0
								0
								0
								0
								0
								0
								0
								0
								0
								0
								0
								0
								0
								0
								0
								0
								0
								0
								0
								0
								0
								0
								0
								0
								0
								0
								0
								0
								0
								0
								0
								0
								0
								0
								0
								0
								0
								0
								0
								0
								0
								0
								0
								0
								0
								0
								0
								0
								0
								0
								0
								0
								0
								0
								0
								0
								0
								0
								0
								0
								0
								0
								0
								0
								0
								0
								0
								0
								0
								0
								0
								0
								0
								0
								0
								0
								0
								0
								0
								0
								0
								0
								0
								0
								0
								0
								0
								0
								0
								0
								0
								0
								0
								0
								0
								0
								0
								0
								0
								0
								0
								0
								0
								0
								0
								0
								0
								0
								0
								0
								0
								0
								0
								0
								0
								0
								0
								0
								0
								0
								0
								0
								0
								0
								0
								0
								0
								0
								0
								0
								0
								0
								0
								0
								0
								0
								0
								0
								0
								0
								0
								0
								0
								0
								0
								0
								0
								0
								0
								0
								0
								0
								0
								0
								0
								0
								0
								0
								0
								0
								0
								0
								0
								0
								0
								0
								0
								0
								0
								0
								0
								0
								0
								0
								0
								0
								0
								0
								0
								0
								0
								0
								0
								0
								0
								0
								0
								0
								0
								0
								0
								0
								0
								0
								0
								0
								0
								0
								0
								0
								0
								0
								0
								0
								0
								0
								0
								0
								0
								0
								0
								0
								0
								0
								0
								0
								0
								0
								0
								0
								0
								0
								0
								0
								0
								0
								0
								0
								0
								0
								0
								0
								0
								0
								0
								0
								0
								0
								0
								0
								0
								0
								0
								0
								0
								0
								0
								0
								0
								0
								0
								0
								0
								0
								0
								0
								0
								0
								0
								0
								0
								0
								0
								0
								0
								0
								0
								0
								0
								0
								0
								0
								0
								0
								0
								0
								0
								0
								0
								0
								0
								0
								0
								0
								0
								0
								0
								0
								0
								0
								0
								0
								0
								0
								0
								0
								0
								0
								0
								0
								0
								0
								0
								0
								0
								0
								0
								0
								0
								0
								0
								0
								0
								0
								0
								0
								0
								0
								0
								0
								0
								0
								0
								0
								0
								0
								0
								0
								0
								0
								0
								0
								0
								0
								0
								0
								0
								0
								0
								0
								0
								0
								0
								0
								0
								0
								0
								0
								0
								0
								0
								0
								0
								0
								0
								0
								0
