Dist	TrNo	Zone	X,m	Y,m	Alt, m	TD, ns	Hice, m	Bed,m
17,391388	97	33X	515510,936	8558702,094	348,8776	242,5	20,37	328,5076
18,487354	98	33X	515510,217	8558701,277	348,7484	252,5	21,21	327,5384
19,741715	99	33X	515509,363	8558700,368	348,6149	260	21,84	326,7749
21,117346	100	33X	515508,397	8558699,398	348,4796	270	22,68	325,7996
22,581322	101	33X	515507,341	8558698,393	348,3452	277,5	23,31	325,0352
24,094627	102	33X	515506,219	8558697,386	348,2142	287,5	24,15	324,0642
25,626338	103	33X	515505,051	8558696,403	348,0892	295	24,78	323,3092
27,139723	104	33X	515503,862	8558695,474	347,9727	305	25,62	322,3527
28,603362	105	33X	515502,673	8558694,627	347,8673	312,5	26,25	321,6173
29,983365	106	33X	515501,508	8558693,893	347,7755	322,5	27,09	320,6855
31,252912	107	33X	515500,388	8558693,3	347,7	337,5	28,35	319,35
32,405714	108	33X	515499,327	8558692,853	347,6415	352,5	29,61	318,0315
33,498746	109	33X	515498,304	8558692,471	347,5939	367,5	30,87	316,7239
34,602261	110	33X	515497,287	8558692,045	347,5494	382,5	32,13	315,4194
35,791658	111	33X	515496,247	8558691,47	347,5	400	33,6	313,9
37,141629	112	33X	515495,159	8558690,673	347,4411	415	34,86	312,5811
38,62645	113	33X	515494,033	8558689,707	347,3806	430	36,12	311,2606
40,179067	114	33X	515492,884	8558688,664	347,3299	445	37,38	309,9499
41,730909	115	33X	515491,729	8558687,628	347,3	460	38,64	308,66
43,228818	116	33X	515490,58	8558686,667	347,2973	477,5	40,11	307,1873
44,687524	117	33X	515489,44	8558685,757	347,3084	495	41,58	305,7284
46,138708	118	33X	515488,308	8558684,849	347,3154	512,5	43,05	304,2654
47,611772	119	33X	515487,184	8558683,897	347,3	530	44,52	302,78
49,12527	120	33X	515486,066	8558682,878	347,2511	547,5	45,99	301,2611
50,642154	121	33X	515484,947	8558681,856	347,1856	565	47,46	299,7256
52,110117	122	33X	515483,816	8558680,922	347,1273	582,5	48,93	298,1973
53,486914	123	33X	515482,665	8558680,167	347,1	600	50,4	296,7
54,773405	124	33X	515481,492	8558679,639	347,1186	617,5	51,87	295,2486
56,011942	125	33X	515480,322	8558679,235	347,1617	655	55,02	292,1417
57,222605	126	33X	515479,189	8558678,81	347,199	690	57,96	289,239
58,43652	127	33X	515478,127	8558678,222	347,2	725	60,9	286,3
59,727623	128	33X	515477,155	8558677,374	347,1447	762,5	64,05	283,0947
61,086231	129	33X	515476,243	8558676,371	347,0549	797,5	66,99	280,0649
62,437466	130	33X	515475,349	8558675,362	346,9626	832,5	69,93	277,0326
63,699751	131	33X	515474,429	8558674,5	346,9	862,5	72,45	274,45
64,857738	132	33X	515473,446	8558673,888	346,8899	895	75,18	271,7099
66,020249	133	33X	515472,372	8558673,444	346,9185	925	77,7	269,2185
67,273313	134	33X	515471,186	8558673,042	346,9629	955	80,22	266,7429
68,68112	135	33X	515469,866	8558672,554	347	987,5	82,95	264,05
70,298178	136	33X	515468,398	8558671,876	347,0129	1017,5	85,47	261,5429
72,121578	137	33X	515466,795	8558671,007	347,0086	1047,5	87,99	259,0186
74,121445	138	33X	515465,082	8558669,975	347	1085	91,14	255,86
76,27243	139	33X	515463,279	8558668,802	347	1125	94,5	252,5
78,545375	140	33X	515461,407	8558667,513	347,0193	1162,5	97,65	249,3693
80,923679	141	33X	515459,474	8558666,128	347,0595	1200	100,8	246,2595
83,394925	142	33X	515457,484	8558664,664	347,12	1237,5	103,95	243,17
85,944785	143	33X	515455,442	8558663,139	347,2	1277,5	107,31	239,89
88,559797	144	33X	515453,353	8558661,569	347,2973	1320	110,88	236,4173
91,226103	145	33X	515451,225	8558659,966	347,4031	1362,5	114,45	232,9531
93,934309	146	33X	515449,061	8558658,341	347,5073	1405	118,02	229,4873
96,671459	147	33X	515446,87	8558656,703	347,5993	1447,5	121,59	226,0093
99,426786	148	33X	515444,657	8558655,063	347,669	1492,5	125,37	222,299
102,18962	149	33X	515442,428	8558653,431	347,706	1535	128,94	218,766
104,94751	150	33X	515440,191	8558651,818	347,7	1577,5	132,51	215,19
107,6905	151	33X	515437,948	8558650,24	347,6463	1600	134,4	213,2463
110,39956	152	33X	515435,695	8558648,738	347,5628	1622,5	136,29	211,2728
113,0592	153	33X	515433,425	8558647,355	347,4729	1645	138,18	209,2929
115,65294	154	33X	515431,133	8558646,143	347,4	1667,5	140,07	207,33
118,18593	155	33X	515428,817	8558645,118	347,3607	1690	141,96	205,4007
120,67358	156	33X	515426,505	8558644,2	347,3433	1712,5	143,85	203,4933
123,1263	157	33X	515424,231	8558643,281	347,3292	1735	145,74	201,5892
125,55522	158	33X	515422,031	8558642,252	347,3	1755	147,42	199,88
127,99012	159	33X	515419,924	8558641,033	347,2423	1770	148,68	198,5623
130,46123	160	33X	515417,879	8558639,648	347,1642	1785	149,94	197,2242
132,98572	161	33X	515415,851	8558638,147	347,079	1797,5	150,99	196,089
135,56837	162	33X	515413,795	8558636,586	347	1812,5	152,25	194,75
138,20556	163	33X	515411,677	8558635,016	346,9373	1827,5	153,51	193,4273
140,84928	164	33X	515409,511	8558633,501	346,8874	1840	154,56	192,3274
143,44214	165	33X	515407,322	8558632,112	346,8439	1855	155,82	191,0239
145,93567	166	33X	515405,135	8558630,915	346,8	1870	157,08	189,72
148,3116	167	33X	515402,968	8558629,942	346,7509	1882,5	158,13	188,6209
150,63376	168	33X	515400,81	8558629,086	346,6985	1897,5	159,39	187,3085
152,97399	169	33X	515398,645	8558628,199	346,647	1912,5	160,65	185,997
155,40662	170	33X	515396,455	8558627,141	346,6	1927,5	161,91	184,69
157,99932	171	33X	515394,228	8558625,814	346,5594	1942,5	163,17	183,3894
160,7077	172	33X	515391,968	8558624,322	346,5183	1957,5	164,43	182,0883
163,44403	173	33X	515389,68	8558622,822	346,4681	1975	165,9	180,5681
166,12226	174	33X	515387,372	8558621,465	346,4	1990	167,16	179,24
168,69003	175	33X	515385,055	8558620,362	346,3087	2005	168,42	177,8887
171,17539	176	33X	515382,749	8558619,441	346,2031	2020	169,68	176,5231
173,6018	177	33X	515380,48	8558618,588	346,096	2035	170,94	175,156
175,99126	178	33X	515378,269	8558617,687	346	2057,5	172,83	173,17
178,36906	179	33X	515376,133	8558616,645	345,9248	2080	174,72	171,2048
180,76384	180	33X	515374,051	8558615,463	345,8689	2102,5	176,61	169,2589
183,19862	181	33X	515371,994	8558614,161	345,8279	2127,5	178,71	167,1179
185,69116	182	33X	515369,932	8558612,761	345,7972	2150	180,6	165,1972
188,25319	183	33X	515367,838	8558611,285	345,7727	2172,5	182,49	163,2827
190,89783	184	33X	515365,681	8558609,755	345,7498	2195	184,38	161,3698
193,63591	185	33X	515363,433	8558608,192	345,7241	2217,5	186,27	159,4541
196,48033	186	33X	515361,064	8558606,618	345,6913	2240	188,16	157,5313
199,44518	187	33X	515358,545	8558605,055	345,6468	2260	189,84	155,8068
202,5474	188	33X	515355,847	8558603,525	345,5864	2277,5	191,31	154,2764
205,80821	189	33X	515352,941	8558602,048	345,5056	2295	192,78	152,7256
209,25053	190	33X	515349,798	8558600,648	345,4	2312,5	194,25	151,15
212,86608	191	33X	515346,433	8558599,332	345,2693	2332,5	195,93	149,3393
216,49016	192	33X	515343,045	8558598,053	345,1293	2350	197,4	147,7293
219,92087	193	33X	515339,874	8558596,75	345	2367,5	198,87	146,13
223,02092	194	33X	515337,096	8558595,378	344,8969	2387,5	200,55	144,3469
225,87708	195	33X	515334,622	8558593,953	344,8173	2405	202,02	142,7973
228,616	196	33X	515332,298	8558592,505	344,754	2422,5	203,49	141,264
231,35507	197	33X	515329,968	8558591,066	344,7	2442,5	205,17	139,53
234,18921	198	33X	515327,51	8558589,656	344,6506	2465	207,06	137,5906
237,11509	199	33X	515324,94	8558588,258	344,6118	2490	209,16	135,4518
240,10436	200	33X	515322,308	8558586,841	344,5921	2515	211,26	133,3321
243,12701	201	33X	515319,663	8558585,378	344,6	2540	213,36	131,24
246,15315	202	33X	515317,046	8558583,859	344,6381	2562,5	215,25	129,3881
249,1517	203	33X	515314,457	8558582,347	344,6854	2587,5	217,35	127,3354
252,08485	204	33X	515311,889	8558580,93	344,715	2612,5	219,45	125,265
254,9249	205	33X	515309,334	8558579,69	344,7	2637,5	221,55	123,15
257,67078	206	33X	515306,783	8558578,677	344,6219	2660	223,44	121,1819
260,38546	207	33X	515304,219	8558577,794	344,4965	2682,5	225,33	119,1665
263,12934	208	33X	515301,625	8558576,912	344,3478	2705	227,22	117,1278
265,96088	209	33X	515298,985	8558575,899	344,2	2727,5	229,11	115,09
268,92853	210	33X	515296,291	8558574,661	344,071	2750	231	113,071
271,9942	211	33X	515293,575	8558573,244	343,9536	2772,5	232,89	111,0636
275,08405	212	33X	515290,883	8558571,732	343,8344	2792,5	234,57	109,2644
278,12372	213	33X	515288,257	8558570,207	343,7	2812,5	236,25	107,45
281,05673	214	33X	515285,725	8558568,735	343,5426	2835	238,14	105,4026
283,90918	215	33X	515283,259	8558567,311	343,3767	2855	239,82	103,5567
286,72713	216	33X	515280,816	8558565,915	343,2225	2875	241,5	101,7225
289,56017	217	33X	515278,351	8558564,524	343,1	2895	243,18	99,92
292,44729	218	33X	515275,83	8558563,119	343,0227	2915	244,86	98,1627
295,38327	219	33X	515273,259	8558561,702	342,9771	2935	246,54	96,4371
298,3573	220	33X	515270,651	8558560,273	342,943	2960	248,64	94,303
301,35459	221	33X	515268,021	8558558,836	342,9	2985	250,74	92,16
304,35897	222	33X	515265,385	8558557,396	342,8353	3010	252,84	89,9953
307,34266	223	33X	515262,77	8558555,961	342,7648	3035	254,94	87,8248
310,27536	224	33X	515260,204	8558554,542	342,7119	3060	257,04	85,6719
313,1268	225	33X	515257,716	8558553,149	342,7	3085	259,14	83,56
315,87704	226	33X	515255,326	8558551,789	342,7462	3110	261,24	81,5062
318,54196	227	33X	515253,017	8558550,462	342,8429	3130	262,92	79,9229
321,14951	228	33X	515250,76	8558549,163	342,9767	3150	264,6	78,3767
323,72357	229	33X	515248,53	8558547,887	343,1338	3170	266,28	76,8538
326,29062	230	33X	515246,298	8558546,63	343,3008	3190	267,96	75,3408
328,87369	231	33X	515244,039	8558545,388	343,4639	3212,5	269,85	73,6139
331,49968	232	33X	515241,724	8558544,157	343,6096	3232,5	271,53	72,0796
334,19491	233	33X	515239,327	8558542,93	343,7242	3242,5	272,37	71,3542
336,98473	234	33X	515236,821	8558541,706	343,7942	3250	273	70,7942
339,89868	235	33X	515234,178	8558540,479	343,8059	3260	273,84	69,9659
342,96423	236	33X	515231,372	8558539,246	343,7457	3267,5	274,47	69,2757
346,21227	237	33X	515228,376	8558538	343,6	3277,5	275,31	68,29
349,64258	238	33X	515225,195	8558536,737	343,3695	3287,5	276,15	67,2195
353,12628	239	33X	515221,97	8558535,445	343,1121	3295	276,78	66,3321
356,50569	240	33X	515218,874	8558534,107	342,9	3305	277,62	65,28
359,66652	241	33X	515216,038	8558532,716	342,7859	3315	278,46	64,3259
362,64447	242	33X	515213,424	8558531,29	342,7444	3322,5	279,09	63,6544
365,50498	243	33X	515210,953	8558529,849	342,7307	3330	279,72	63,0107
368,30609	244	33X	515208,544	8558528,42	342,7	3340	280,56	62,14
371,09935	245	33X	515206,13	8558527,017	342,6197	3347,5	281,19	61,4297
373,91757	246	33X	515203,685	8558525,62	342,5067	3357,5	282,03	60,4767
376,78799	247	33X	515201,192	8558524,202	342,3904	3365	282,66	59,7304
379,73372	248	33X	515198,638	8558522,737	342,3	3372,5	283,29	59,01
382,76918	249	33X	515196,012	8558521,215	342,2588	3382,5	284,13	58,1288
385,84629	250	33X	515193,332	8558519,703	342,2662	3390	284,76	57,5062
388,90391	251	33X	515190,623	8558518,286	342,3155	3397,5	285,39	56,9255
391,88896	252	33X	515187,909	8558517,046	342,4	3407,5	286,23	56,17
394,7758	253	33X	515185,208	8558516,033	342,5107	3415	286,86	55,6507
397,60725	254	33X	515182,52	8558515,151	342,6284	3422,5	287,49	55,1384
400,43182	255	33X	515179,839	8558514,268	342,732	3430	288,12	54,612
403,29781	256	33X	515177,16	8558513,252	342,8	3435	288,54	54,26
406,25517	257	33X	515174,478	8558512,006	342,8189	3442,5	289,17	53,6489
409,29485	258	33X	515171,792	8558510,583	342,8075	3450	289,8	53,0075
412,38109	259	33X	515169,101	8558509,072	342,7923	3457,5	290,43	52,3623
415,47127	260	33X	515166,406	8558507,56	342,8	3465	291,06	51,74
418,53271	261	33X	515163,708	8558506,114	342,848	3472,5	291,69	51,158
421,56958	262	33X	515161,015	8558504,712	342,9166	3477,5	292,11	50,8066
424,59382	263	33X	515158,335	8558503,312	342,9769	3485	292,74	50,2369
427,61834	264	33X	515155,677	8558501,869	343	3492,5	293,37	49,63
430,6466	265	33X	515153,05	8558500,363	342,9656	3502,5	294,21	48,7556
433,65103	266	33X	515150,452	8558498,856	342,8885	3512,5	295,05	47,8385
436,58668	267	33X	515147,885	8558497,435	342,7921	3522,5	295,89	46,9021
439,41863	268	33X	515145,347	8558496,182	342,7	3532,5	296,73	45,97
442,13521	269	33X	515142,835	8558495,15	342,6317	3542,5	297,57	45,0617
444,78027	270	33X	515140,347	8558494,253	342,5919	3552,5	298,41	44,1819
447,4017	271	33X	515137,877	8558493,375	342,5811	3562,5	299,25	43,3311
450,04626	272	33X	515135,42	8558492,397	342,6	3572,5	300,09	42,51
452,76846	273	33X	515132,963	8558491,226	342,648	3582,5	300,93	41,718
455,61525	274	33X	515130,462	8558489,868	342,719	3592,5	301,77	40,949
458,62532	275	33X	515127,863	8558488,352	342,8055	3602,5	302,61	40,1955
461,82878	276	33X	515125,114	8558486,71	342,9	3610	303,24	39,66
465,23925	277	33X	515122,18	8558484,974	342,9964	3615	303,66	39,3364
468,79684	278	33X	515119,103	8558483,191	343,0935	3622,5	304,29	38,8035
472,42714	279	33X	515115,94	8558481,412	343,1917	3630	304,92	38,2717
476,05423	280	33X	515112,752	8558479,685	343,2912	3637,5	305,55	37,7412
479,60276	281	33X	515109,598	8558478,062	343,3923	3642,5	305,97	37,4223
482,99866	282	33X	515106,538	8558476,593	343,4951	3650	306,6	36,8951
486,17122	283	33X	515103,63	8558475,329	343,6	3657,5	307,23	36,37
489,08359	284	33X	515100,912	8558474,288	343,7033	3665	307,86	35,8433
491,8219	285	33X	515098,331	8558473,377	343,7862	3670	308,28	35,5062
494,50121	286	33X	515095,812	8558472,465	343,826	3677,5	308,91	34,916
497,23653	287	33X	515093,281	8558471,428	343,8	3685	309,54	34,26
500,12188	288	33X	515090,685	8558470,173	343,6951	3692,5	310,17	33,5251
503,11061	289	33X	515088,061	8558468,751	343,5368	3697,5	310,59	32,9468
506,11134	290	33X	515085,471	8558467,246	343,36	3702,5	311,01	32,35
509,03036	291	33X	515082,975	8558465,741	343,2	3705	311,22	31,98
511,80376	292	33X	515080,607	8558464,302	343,0834	3707,5	311,43	31,6534
514,50449	293	33X	515078,297	8558462,905	343,0042	3710	311,64	31,3642
517,23826	294	33X	515075,949	8558461,506	342,9479	3715	312,06	30,8879
520,11051	295	33X	515073,466	8558460,063	342,9	3717,5	312,27	30,63
523,1883	296	33X	515070,784	8558458,554	342,8492	3720	312,48	30,3692
526,38539	297	33X	515067,967	8558457,043	342,7964	3725	312,9	29,8964
529,57757	298	33X	515065,111	8558455,618	342,7453	3727,5	313,11	29,6353
532,64202	299	33X	515062,313	8558454,369	342,7	3730	313,32	29,38
535,5019	300	33X	515059,643	8558453,345	342,6619	3735	313,74	28,9219
538,2241	301	33X	515057,07	8558452,457	342,6228	3740	314,16	28,4628
540,90609	302	33X	515054,537	8558451,577	342,5724	3745	314,58	27,9924
543,64502	303	33X	515051,987	8558450,58	342,5	3747,5	314,79	27,71
546,5254	304	33X	515049,375	8558449,37	342,4002	3752,5	315,21	27,1902
549,54036	305	33X	515046,703	8558447,978	342,2874	3757,5	315,63	26,6574
552,65477	306	33X	515043,984	8558446,463	342,1808	3762,5	316,05	26,1308
555,82613	307	33X	515041,232	8558444,889	342,1	3767,5	316,47	25,63
559,01449	308	33X	515038,459	8558443,316	342,0576	3772,5	316,89	25,1676
562,18574	309	33X	515035,672	8558441,803	342,0402	3775	317,1	24,9402
565,30866	310	33X	515032,877	8558440,41	342,0277	3780	317,52	24,5077
568,36012	311	33X	515030,078	8558439,195	342	3785	317,94	24,06
571,33373	312	33X	515027,281	8558438,187	341,9443	3790	318,36	23,5843
574,26748	313	33X	515024,486	8558437,298	341,8768	3795	318,78	23,0968
577,19844	314	33X	515021,694	8558436,408	341,8209	3797,5	318,99	22,8309
580,1651	315	33X	515018,905	8558435,397	341,8	3797,5	318,99	22,81
583,20665	316	33X	515016,119	8558434,177	341,8292	3800	319,2	22,6292
586,32388	317	33X	515013,333	8558432,78	341,8901	3802,5	319,41	22,4801
589,49665	318	33X	515010,545	8558431,267	341,9559	3805	319,62	22,3359
592,69804	319	33X	515007,752	8558429,703	342	3807,5	319,83	22,17
595,90182	320	33X	515004,952	8558428,146	342,003	3810	320,04	21,963
599,07666	321	33X	515002,154	8558426,646	341,9753	3812,5	320,25	21,7253
602,19445	322	33X	514999,366	8558425,251	341,935	3812,5	320,25	21,685
605,22852	323	33X	514996,598	8558424,009	341,9	3815	320,46	21,44
608,16919	324	33X	514993,857	8558422,944	341,8839	3817,5	320,67	21,2139
611,03772	325	33X	514991,15	8558421,995	341,8836	3820	320,88	21,0036
613,86241	326	33X	514988,479	8558421,076	341,8914	3822,5	321,09	20,8014
616,66629	327	33X	514985,849	8558420,104	341,9	3825	321,3	20,6
619,47617	328	33X	514983,26	8558419,012	341,9028	3827,5	321,51	20,3928
622,31752	329	33X	514980,692	8558417,796	341,8972	3827,5	321,51	20,3872
625,20945	330	33X	514978,121	8558416,472	341,8817	3830	321,72	20,1617
628,17024	331	33X	514975,522	8558415,054	341,8547	3830	321,72	20,1347
631,21547	332	33X	514972,871	8558413,556	341,8146	3830	321,72	20,0946
634,36011	333	33X	514970,144	8558411,991	341,7598	3830	321,72	20,0398
637,61704	334	33X	514967,316	8558410,377	341,6888	3830	321,72	19,9688
641,00189	335	33X	514964,363	8558408,725	341,6	3830	321,72	19,88
644,51783	336	33X	514961,273	8558407,051	341,4931	3830	321,72	19,7731
648,13098	337	33X	514958,078	8558405,368	341,3732	3830	321,72	19,6532
651,79655	338	33X	514954,821	8558403,691	341,2466	3830	321,72	19,5266
655,46817	339	33X	514951,546	8558402,036	341,1196	3830	321,72	19,3996
659,10022	340	33X	514948,298	8558400,415	340,9986	3827,5	321,51	19,4886
662,64743	341	33X	514945,119	8558398,845	340,89	3827,5	321,51	19,38
666,06361	342	33X	514942,055	8558397,337	340,8	3827,5	321,51	19,29
669,32008	343	33X	514939,134	8558395,899	340,7327	3827,5	321,51	19,2227
672,45501	344	33X	514936,33	8558394,498	340,6823	3827,5	321,51	19,1723
675,52651	345	33X	514933,599	8558393,093	340,6408	3827,5	321,51	19,1308
678,58974	346	33X	514930,901	8558391,643	340,6	3827,5	321,51	19,09
681,68419	347	33X	514928,202	8558390,13	340,5568	3827,5	321,51	19,0468
684,77488	348	33X	514925,506	8558388,619	340,528	3827,5	321,51	19,018
687,81008	349	33X	514922,824	8558387,198	340,5351	3827,5	321,51	19,0251
690,74188	350	33X	514920,17	8558385,954	340,6	3825	321,3	19,3
693,55379	351	33X	514917,551	8558384,939	340,7322	3825	321,3	19,4322
696,29586	352	33X	514914,96	8558384,056	340,8933	3825	321,3	19,5933
699,02003	353	33X	514912,386	8558383,175	341,0328	3825	321,3	19,7328
701,77996	354	33X	514909,818	8558382,166	341,1	3825	321,3	19,8
704,63154	355	33X	514907,248	8558380,931	341,0627	3825	321,3	19,7627
707,57098	356	33X	514904,673	8558379,517	340,9612	3825	321,3	19,6612
710,56194	357	33X	514902,094	8558378,006	340,8541	3825	321,3	19,5541
713,56201	358	33X	514899,511	8558376,481	340,8	3825	321,3	19,5
716,53886	359	33X	514896,925	8558375,007	340,839	3825	321,3	19,539
719,49408	360	33X	514894,339	8558373,58	340,937	3822,5	321,09	19,847
722,43204	361	33X	514891,756	8558372,184	341,0415	3822,5	321,09	19,9515
725,35965	362	33X	514889,179	8558370,796	341,1	3822,5	321,09	20,01
728,28531	363	33X	514886,608	8558369,4	341,0752	3822,5	321,09	19,9852
731,22053	364	33X	514884,035	8558367,99	340,9909	3822,5	321,09	19,9009
734,17336	365	33X	514881,452	8558366,563	340,8861	3822,5	321,09	19,7961
737,15781	366	33X	514878,846	8558365,111	340,8	3822,5	321,09	19,71
740,17108	367	33X	514876,217	8558363,639	340,7633	3822,5	321,09	19,6733
743,17228	368	33X	514873,596	8558362,177	340,7744	3822,5	321,09	19,6844
746,10959	369	33X	514871,023	8558360,761	340,8233	3822,5	321,09	19,7333
748,93152	370	33X	514868,538	8558359,426	340,9	3822,5	321,09	19,81
751,60114	371	33X	514866,169	8558358,199	340,9957	3822,5	321,09	19,9057
754,1495	372	33X	514863,891	8558357,062	341,1057	3822,5	321,09	20,0157
756,62307	373	33X	514861,667	8558355,986	341,2264	3825	321,3	19,9264
759,06879	374	33X	514859,459	8558354,942	341,3543	3825	321,3	20,0543
761,53191	375	33X	514857,231	8558353,9	341,4856	3825	321,3	20,1856
764,05718	376	33X	514854,946	8558352,833	341,6169	3825	321,3	20,3169
766,69148	377	33X	514852,566	8558351,711	341,7444	3825	321,3	20,4444
769,48014	378	33X	514850,054	8558350,506	341,8646	3825	321,3	20,5646
772,46915	379	33X	514847,373	8558349,189	341,9738	3825	321,3	20,6738
775,70526	380	33X	514844,486	8558347,73	342,0685	3822,5	321,09	20,9785
779,23462	381	33X	514841,356	8558346,101	342,1451	3817,5	320,67	21,4751
783,10584	382	33X	514837,944	8558344,273	342,2	3812,5	320,25	21,95
787,29027	383	33X	514834,273	8558342,265	342,2333	3810	320,04	22,1933
791,46968	384	33X	514830,593	8558340,284	342,2603	3805	319,62	22,6403
795,25288	385	33X	514827,213	8558338,585	342,3	3800	319,2	23,1
798,37033	386	33X	514824,354	8558337,344	342,3674	3797,5	318,99	23,3774
801,00271	387	33X	514821,889	8558336,425	342,4605	3792,5	318,57	23,8905
803,43066	388	33X	514819,604	8558335,612	342,5734	3787,5	318,15	24,4234
805,92944	389	33X	514817,285	8558334,69	342,7	3785	317,94	24,76
808,71759	390	33X	514814,769	8558333,496	342,8339	3780	317,52	25,3139
811,75333	391	33X	514812,086	8558332,082	342,9673	3775	317,1	25,8673
814,91732	392	33X	514809,321	8558330,549	343,092	3772,5	316,89	26,202
818,08974	393	33X	514806,554	8558329,001	343,2	3765	316,26	26,94
821,1705	394	33X	514803,854	8558327,52	343,2877	3760	315,84	27,4477
824,15354	395	33X	514801,233	8558326,098	343,3703	3752,5	315,21	28,1603
827,05376	396	33X	514798,69	8558324,707	343,4678	3747,5	314,79	28,6778
829,89022	397	33X	514796,221	8558323,317	343,6	3740	314,16	29,44
832,68116	398	33X	514793,819	8558321,907	343,7779	3735	313,74	30,0379
835,44515	399	33X	514791,459	8558320,482	343,9764	3730	313,32	30,6564
838,20106	400	33X	514789,108	8558319,056	344,1618	3722,5	312,69	31,4718
840,96737	401	33X	514786,735	8558317,641	344,3	3717,5	312,27	32,03
843,76335	402	33X	514784,314	8558316,244	344,3681	3712,5	311,85	32,5181
846,59576	403	33X	514781,849	8558314,849	344,3865	3710	311,64	32,7465
849,47139	404	33X	514779,349	8558313,428	344,3867	3705	311,22	33,1667
852,39078	405	33X	514776,825	8558311,961	344,4	3702,5	311,01	33,39
855,34752	406	33X	514774,29	8558310,44	344,4514	3697,5	310,59	33,8614
858,28577	407	33X	514771,771	8558308,93	344,54	3695	310,38	34,16
861,13261	408	33X	514769,303	8558307,516	344,6587	3690	309,96	34,6987
863,82478	409	33X	514766,915	8558306,281	344,8	3687,5	309,75	35,05
866,33207	410	33X	514764,625	8558305,272	344,9561	3682,5	309,33	35,6261
868,74237	411	33X	514762,386	8558304,394	345,1159	3680	309,12	35,9959
871,16425	412	33X	514760,134	8558303,516	345,2678	3682,5	309,33	35,9378
873,70311	413	33X	514757,808	8558302,507	345,4	3685	309,54	35,86
876,44742	414	33X	514755,36	8558301,271	345,504	3690	309,96	35,544
879,37043	415	33X	514752,803	8558299,857	345,5839	3692,5	310,17	35,4139
882,41118	416	33X	514750,165	8558298,346	345,6468	3695	310,38	35,2668
885,50285	417	33X	514747,475	8558296,823	345,7	3697,5	310,59	35,11
888,59418	418	33X	514744,756	8558295,353	345,7496	3702,5	311,01	34,7396
891,67337	419	33X	514742,018	8558293,945	345,7975	3705	311,22	34,5775
894,74034	420	33X	514739,266	8558292,592	345,8443	3707,5	311,43	34,4143
897,79543	421	33X	514736,505	8558291,285	345,8909	3715	312,06	33,8309
900,83858	422	33X	514733,739	8558290,017	345,9379	3720	312,48	33,4579
903,86714	423	33X	514730,975	8558288,78	345,9862	3727,5	313,11	32,8762
906,88184	424	33X	514728,216	8558287,566	346,0365	3732,5	313,53	32,5065
909,87878	425	33X	514725,469	8558286,369	346,0895	3740	314,16	31,9295
912,85872	426	33X	514722,738	8558285,178	346,146	3747,5	314,79	31,356
915,8187	427	33X	514720,028	8558283,989	346,2067	3752,5	315,21	30,9967
918,75826	428	33X	514717,344	8558282,792	346,2724	3760	315,84	30,4324
921,67496	429	33X	514714,692	8558281,58	346,3439	3765	316,26	30,0839
924,56754	430	33X	514712,077	8558280,346	346,4218	3772,5	316,89	29,5318
927,43641	431	33X	514709,503	8558279,082	346,5069	3780	317,52	28,9869
930,28244	432	33X	514706,975	8558277,778	346,6	3785	317,94	28,66
933,10726	433	33X	514704,494	8558276,431	346,6992	3792,5	318,57	28,1292
935,9368	434	33X	514702,034	8558275,036	346,7922	3800	319,2	27,5922
938,79487	435	33X	514699,568	8558273,593	346,8641	3805	319,62	27,2441
941,71006	436	33X	514697,065	8558272,099	346,9	3810	320,04	26,86
944,6926	437	33X	514694,506	8558270,567	346,8929	3815	320,46	26,4329
947,69592	438	33X	514691,91	8558269,057	346,8683	3822,5	321,09	25,7783
950,65358	439	33X	514689,309	8558267,649	346,8596	3827,5	321,51	25,3496
953,51198	440	33X	514686,731	8558266,415	346,9	3832,5	321,93	24,97
956,24214	441	33X	514684,199	8558265,4	347,0118	3840	322,56	24,4518
958,89119	442	33X	514681,708	8558264,513	347,1719	3845	322,98	24,1919
961,51187	443	33X	514679,246	8558263,632	347,3461	3850	323,4	23,9461
964,15756	444	33X	514676,801	8558262,633	347,5	3857,5	324,03	23,47
966,88327	445	33X	514674,361	8558261,423	347,6084	3862,5	324,45	23,1584
969,70404	446	33X	514671,907	8558260,034	347,6816	3867,5	324,87	22,8116
972,61156	447	33X	514669,423	8558258,524	347,739	3875	325,5	22,239
975,59143	448	33X	514666,891	8558256,954	347,8	3880	325,92	21,88
978,62029	449	33X	514664,302	8558255,384	347,8782	3885	326,34	21,5382
981,63684	450	33X	514661,692	8558253,874	347,9642	3892,5	326,97	20,9942
984,57603	451	33X	514659,104	8558252,483	348,0432	3897,5	327,39	20,6532
987,37472	452	33X	514656,582	8558251,271	348,1	3905	328,02	20,08
990,0017	453	33X	514654,155	8558250,266	348,1258	3912,5	328,65	19,4758
992,52689	454	33X	514651,79	8558249,381	348,1365	3917,5	329,07	19,0665
995,03994	455	33X	514649,438	8558248,496	348,1539	3925	329,7	18,4539
997,6299	456	33X	514647,051	8558247,492	348,2	3930	330,12	18,08
1000,371	457	33X	514644,594	8558246,28	348,2888	3937,5	330,75	17,5388
1003,232	458	33X	514642,096	8558244,89	348,4024	3945	331,38	17,0224
1006,1539	459	33X	514639,597	8558243,38	348,5148	3950	331,8	16,7148
1009,0693	460	33X	514637,14	8558241,813	348,6	3957,5	332,43	16,17
1011,9253	461	33X	514634,752	8558240,247	348,6392	3962,5	332,85	15,7892
1014,7147	462	33X	514632,404	8558238,741	348,6414	3967,5	333,27	15,3714
1017,4463	463	33X	514630,052	8558237,352	348,623	3970	333,48	15,143
1020,1346	464	33X	514627,653	8558236,139	348,6	3972,5	333,69	14,91
1022,8078	465	33X	514625,178	8558235,129	348,5873	3975	333,9	14,6873
1025,4794	466	33X	514622,664	8558234,225	348,5943	3977,5	334,11	14,4843
1028,1451	467	33X	514620,162	8558233,306	348,6292	3980	334,32	14,3092
1030,8049	468	33X	514617,724	8558232,245	348,7	3985	334,74	13,96
1033,4953	469	33X	514615,365	8558230,956	348,8101	3987,5	334,95	13,8601
1036,3037	470	33X	514612,963	8558229,507	348,9437	3990	335,16	13,7837
1039,3137	471	33X	514610,357	8558228,007	349,0805	3992,5	335,37	13,7105
1042,6169	472	33X	514607,389	8558226,562	349,2	3995	335,58	13,62
1046,2646	473	33X	514603,987	8558225,249	349,2873	4000	336	13,2873
1050,0354	474	33X	514600,424	8558224,016	349,3497	4002,5	336,21	13,1397
1053,6201	475	33X	514597,061	8558222,776	349,4	4005	336,42	12,98
1056,7961	476	33X	514594,17	8558221,462	349,4489	4007,5	336,63	12,8189
1059,6601	477	33X	514591,668	8558220,069	349,4985	4010	336,84	12,6585
1062,37	478	33X	514589,385	8558218,61	349,5488	4012,5	337,05	12,4988
1065,0689	479	33X	514587,15	8558217,098	349,6	4020	337,68	11,92
1067,8626	480	33X	514584,821	8558215,556	349,6518	4025	338,1	11,5518
1070,7299	481	33X	514582,384	8558214,046	349,7032	4030	338,52	11,1832
1073,6259	482	33X	514579,851	8558212,643	349,753	4035	338,94	10,813
1076,5109	483	33X	514577,239	8558211,419	349,8	4040	339,36	10,44
1079,3697	484	33X	514574,563	8558210,414	349,8439	4045	339,78	10,0639
1082,2197	485	33X	514571,853	8558209,533	349,8887	4050	340,2	9,6887
1085,0722	486	33X	514569,142	8558208,647	349,9391	4055	340,62	9,3191
1087,9406	487	33X	514566,461	8558207,629	350	4060	341,04	8,96
1090,8482	488	33X	514563,834	8558206,385	350,074	4065	341,46	8,614
1093,7951	489	33X	514561,252	8558204,967	350,1546	4070	341,88	8,2746
1096,7635	490	33X	514558,697	8558203,458	350,2329	4075	342,3	7,9329
1099,7248	491	33X	514556,151	8558201,947	350,3	4082,5	342,93	7,37
1102,6609	492	33X	514553,599	8558200,496	350,3489	4087,5	343,35	6,9989
1105,5892	493	33X	514551,03	8558199,091	350,3803	4092,5	343,77	6,6103
1108,5333	494	33X	514548,439	8558197,693	350,3965	4097,5	344,19	6,2065
1111,5203	495	33X	514545,816	8558196,264	350,4	4102,5	344,61	5,79
1114,5612	496	33X	514543,159	8558194,785	350,3958	4107,5	345,03	5,3658
1117,6277	497	33X	514540,475	8558193,302	350,3991	4112,5	345,45	4,9491
1120,6768	498	33X	514537,779	8558191,878	350,4279	4117,5	345,87	4,5579
1123,6711	499	33X	514535,083	8558190,577	350,5	4122,5	346,29	4,21
1126,5846	500	33X	514532,401	8558189,446	350,6258	4130	346,92	3,7058
1129,4091	501	33X	514529,762	8558188,452	350,7857	4135	347,34	3,4457
1132,1361	502	33X	514527,195	8558187,547	350,9528	4140	347,76	3,1928
1134,7533	503	33X	514524,73	8558186,68	351,1	4145	348,18	2,92
1137,2561	504	33X	514522,386	8558185,809	351,2061	4150	348,6	2,6061
1139,6748	505	33X	514520,14	8558184,914	351,2723	4155	349,02	2,2523
1142,0494	506	33X	514517,957	8558183,98	351,3059	4160	349,44	1,8659
1144,4206	507	33X	514515,801	8558182,993	351,3138	4165	349,86	1,4538
1146,8254	508	33X	514513,639	8558181,94	351,303	4172,5	350,49	0,813
1149,3037	509	33X	514511,435	8558180,807	351,2808	4177,5	350,91	0,3708
1151,8922	510	33X	514509,156	8558179,58	351,254	4182,5	351,33	-0,076
1154,6307	511	33X	514506,765	8558178,245	351,2298	4187,5	351,75	-0,5202
1157,5555	512	33X	514504,229	8558176,788	351,2153	4192,5	352,17	-0,9547
1160,7046	513	33X	514501,512	8558175,196	351,2174	4200	352,8	-1,5826
1164,1142	514	33X	514498,581	8558173,454	351,2433	4205	353,22	-1,9767
1167,8244	515	33X	514495,399	8558171,547	351,3	4210	353,64	-2,34
1171,7999	516	33X	514491,988	8558169,507	351,3899	4217,5	354,27	-2,8801
1175,7337	517	33X	514488,587	8558167,533	351,4969	4222,5	354,69	-3,1931
1179,2527	518	33X	514485,488	8558165,869	351,6	4230	355,32	-3,72
1182,1042	519	33X	514482,897	8558164,681	351,6823	4235	355,74	-4,0577
1184,4946	520	33X	514480,671	8558163,812	351,7418	4240	356,16	-4,4182
1186,7315	521	33X	514478,576	8558163,029	351,7804	4247,5	356,79	-5,0096
1189,1184	522	33X	514476,379	8558162,096	351,8	4252,5	357,21	-5,41
1191,8827	523	33X	514473,913	8558160,847	351,8036	4260	357,84	-6,0364
1194,9115	524	33X	514471,266	8558159,375	351,799	4265	358,26	-6,461
1197,9932	525	33X	514468,592	8558157,843	351,7948	4262,5	358,05	-6,2552
1200,9146	526	33X	514466,044	8558156,414	351,8	4262,5	358,05	-6,25
1203,5218	527	33X	514463,731	8558155,211	351,8204	4260	357,84	-6,0196
1205,8899	528	33X	514461,587	8558154,206	351,8499	4260	357,84	-5,9901
1208,1515	529	33X	514459,5	8558153,335	351,8794	4257,5	357,63	-5,7506
1210,4366	530	33X	514457,36	8558152,534	351,9	4255	357,42	-5,52
1212,8487	531	33X	514455,083	8558151,738	351,9055	4255	357,42	-5,5145
1215,3798	532	33X	514452,7	8558150,885	351,9016	4252,5	357,21	-5,3084
1217,9965	533	33X	514450,271	8558149,912	351,8969	4250	357	-5,1031
1220,6757	534	33X	514447,853	8558148,758	351,9	4250	357	-5,1
1223,4022	535	33X	514445,494	8558147,391	351,9155	4247,5	356,79	-4,8745
1226,1361	536	33X	514443,198	8558145,907	351,9314	4247,5	356,79	-4,8586
1228,8195	537	33X	514440,957	8558144,431	351,9315	4245	356,58	-4,6485
1231,3921	538	33X	514438,763	8558143,088	351,9	4242,5	356,37	-4,47
1233,8245	539	33X	514436,604	8558141,97	351,8279	4242,5	356,37	-4,5421
1236,1735	540	33X	514434,455	8558141,026	351,7355	4240	356,16	-4,4245
1238,5028	541	33X	514432,29	8558140,171	351,6503	4237,5	355,95	-4,2997
1240,8733	542	33X	514430,078	8558139,32	351,6	4237,5	355,95	-4,35
1243,3236	543	33X	514427,805	8558138,405	351,6043	4235	355,74	-4,1357
1245,8221	544	33X	514425,503	8558137,435	351,6518	4232,5	355,53	-3,8782
1248,3169	545	33X	514423,218	8558136,436	351,7234	4230	355,32	-3,5966
1250,7557	546	33X	514420,995	8558135,436	351,8	4227,5	355,11	-3,31
1253,1007	547	33X	514418,867	8558134,453	351,8658	4227,5	355,11	-3,2442
1255,3727	548	33X	514416,816	8558133,477	351,9187	4225	354,9	-2,9813
1257,6074	549	33X	514414,811	8558132,491	351,9598	4222,5	354,69	-2,7302
1259,8415	550	33X	514412,82	8558131,478	351,9904	4220	354,48	-2,4896
1262,1086	551	33X	514410,814	8558130,422	352,0116	4220	354,48	-2,4684
1264,4468	552	33X	514408,761	8558129,303	352,0247	4217,5	354,27	-2,2453
1266,8919	553	33X	514406,63	8558128,104	352,0309	4217,5	354,27	-2,2391
1269,478	554	33X	514404,391	8558126,81	352,0313	4217,5	354,27	-2,2387
1272,2419	555	33X	514402,012	8558125,403	352,0273	4215	354,06	-2,0327
1275,2195	556	33X	514399,463	8558123,864	352,0199	4215	354,06	-2,0401
1278,4457	557	33X	514396,713	8558122,177	352,0104	4215	354,06	-2,0496
1281,956	558	33X	514393,731	8558120,325	352	4215	354,06	-2,06
1285,7301	559	33X	514390,528	8558118,329	351,9871	4212,5	353,85	-1,8629
1289,5227	560	33X	514387,283	8558116,366	351,959	4212,5	353,85	-1,891
1293,0358	561	33X	514384,217	8558114,652	351,9	4212,5	353,85	-1,95
1296,0546	562	33X	514381,498	8558113,344	351,8017	4210	353,64	-1,8383
1298,6689	563	33X	514379,076	8558112,367	351,6842	4210	353,64	-1,9558
1301,0327	564	33X	514376,847	8558111,588	351,5745	4210	353,64	-2,0655
1303,2873	565	33X	514374,709	8558110,876	351,5	4207,5	353,43	-1,93
1305,5551	566	33X	514372,575	8558110,109	351,48	4207,5	353,43	-1,95
1307,8801	567	33X	514370,421	8558109,234	351,5029	4207,5	353,43	-1,9271
1310,2896	568	33X	514368,24	8558108,211	351,5493	4205	353,22	-1,6707
1312,8164	569	33X	514366,025	8558106,996	351,6	4205	353,22	-1,62
1315,4769	570	33X	514363,773	8558105,58	351,6393	4205	353,22	-1,5807
1318,2078	571	33X	514361,497	8558104,071	351,6668	4202,5	353,01	-1,3432
1320,9211	572	33X	514359,212	8558102,608	351,6859	4202,5	353,01	-1,3241
1323,5338	573	33X	514356,935	8558101,327	351,7	4202,5	353,01	-1,31
1326,0096	574	33X	514354,675	8558100,316	351,7129	4200	352,8	-1,0871
1328,4217	575	33X	514352,42	8558099,46	351,7299	4200	352,8	-1,0701
1330,8492	576	33X	514350,152	8558098,595	351,757	4197,5	352,59	-0,833
1333,3747	577	33X	514347,851	8558097,555	351,8	4197,5	352,59	-0,79
1336,0705	578	33X	514345,504	8558096,23	351,8608	4195	352,38	-0,5192
1338,884	579	33X	514343,124	8558094,731	351,9259	4195	352,38	-0,4541
1341,7126	580	33X	514340,729	8558093,227	351,9781	4195	352,38	-0,4019
1344,4578	581	33X	514338,336	8558091,882	352	4192,5	352,17	-0,17
1347,0641	582	33X	514335,959	8558090,813	351,9815	4192,5	352,17	-0,1885
1349,5944	583	33X	514333,59	8558089,925	351,9413	4192,5	352,17	-0,2287
1352,1163	584	33X	514331,217	8558089,072	351,9055	4190	351,96	-0,0545
1354,6932	585	33X	514328,828	8558088,106	351,9	4190	351,96	-0,06
1357,3859	586	33X	514326,412	8558086,918	351,943	4190	351,96	-0,017
1360,2031	587	33X	514323,96	8558085,533	352,0212	4190	351,96	0,0612
1363,1249	588	33X	514321,464	8558084,017	352,1139	4190	351,96	0,1539
1366,1293	589	33X	514318,915	8558082,429	352,2	4190	351,96	0,24
1369,1886	590	33X	514316,31	8558080,826	352,2626	4190	351,96	0,3026
1372,2922	591	33X	514313,654	8558079,221	352,301	4187,5	351,75	0,551
1375,4254	592	33X	514310,959	8558077,623	352,3185	4187,5	351,75	0,5685
1378,5764	593	33X	514308,235	8558076,039	352,3184	4187,5	351,75	0,5684
1381,7354	594	33X	514305,491	8558074,474	352,304	4187,5	351,75	0,554
1384,888	595	33X	514302,738	8558072,938	352,2786	4187,5	351,75	0,5286
1388,0234	596	33X	514299,986	8558071,436	352,2454	4190	351,96	0,2854
1391,1283	597	33X	514297,246	8558069,976	352,2079	4192,5	352,17	0,0379
1394,1914	598	33X	514294,528	8558068,564	352,1693	4195	352,38	-0,2107
1397,201	599	33X	514291,841	8558067,209	352,133	4197,5	352,59	-0,457
1400,1448	600	33X	514289,197	8558065,915	352,1021	4200	352,8	-0,6979
1403,0113	601	33X	514286,605	8558064,691	352,0801	4202,5	353,01	-0,9299
1405,7883	602	33X	514284,076	8558063,544	352,0702	4205	353,22	-1,1498
1408,4654	603	33X	514281,619	8558062,481	352,0757	4207,5	353,43	-1,3543
1411,0312	604	33X	514279,245	8558061,508	352,1	4210	353,64	-1,54
1413,489	605	33X	514276,954	8558060,619	352,1455	4215	354,06	-1,9145
1415,9006	606	33X	514274,707	8558059,746	352,2117	4217,5	354,27	-2,0583
1418,3438	607	33X	514272,451	8558058,812	352,297	4220	354,48	-2,183
1420,8987	608	33X	514270,136	8558057,736	352,4	4220	354,48	-2,08
1423,6263	609	33X	514267,726	8558056,464	352,5168	4217,5	354,27	-1,7532
1426,4873	610	33X	514265,245	8558055,044	352,6334	4217,5	354,27	-1,6366
1429,4129	611	33X	514262,731	8558053,551	352,7333	4217,5	354,27	-1,5367
1432,3322	612	33X	514260,222	8558052,06	352,8	4217,5	354,27	-1,47
1435,1936	613	33X	514257,746	8558050,626	352,8232	4217,5	354,27	-1,4468
1438,0221	614	33X	514255,286	8558049,23	352,8172	4217,5	354,27	-1,4528
1440,8618	615	33X	514252,816	8558047,829	352,8026	4217,5	354,27	-1,4674
1443,7555	616	33X	514250,309	8558046,384	352,8	4217,5	354,27	-1,47
1446,7294	617	33X	514247,747	8558044,874	352,8249	4215	354,06	-1,2351
1449,7289	618	33X	514245,154	8558043,367	352,8727	4215	354,06	-1,1873
1452,6863	619	33X	514242,56	8558041,948	352,9343	4215	354,06	-1,1257
1455,5374	620	33X	514239,996	8558040,703	353	4215	354,06	-1,06
1458,2476	621	33X	514237,485	8558039,685	353,0618	4215	354,06	-0,9982
1460,877	622	33X	514235,01	8558038,799	353,1168	4215	354,06	-0,9432
1463,4941	623	33X	514232,545	8558037,921	353,1634	4217,5	354,27	-1,1066
1466,1682	624	33X	514230,064	8558036,924	353,2	4217,5	354,27	-1,07
1468,9587	625	33X	514227,551	8558035,711	353,2264	4220	354,48	-1,2536
1471,8352	626	33X	514225,035	8558034,317	353,2476	4222,5	354,69	-1,4424
1474,7383	627	33X	514222,555	8558032,808	353,27	4222,5	354,69	-1,42
1477,6051	628	33X	514220,15	8558031,248	353,3	4225	354,9	-1,6
1480,3828	629	33X	514217,844	8558029,7	353,3435	4227,5	355,11	-1,7665
1483,081	630	33X	514215,596	8558028,209	353,4052	4227,5	355,11	-1,7048
1485,7196	631	33X	514213,353	8558026,822	353,4893	4230	355,32	-1,8307
1488,3306	632	33X	514211,059	8558025,58	353,6	4232,5	355,53	-1,93
1490,9508	633	33X	514208,673	8558024,506	353,7385	4232,5	355,53	-1,7915
1493,6015	634	33X	514206,206	8558023,549	353,8939	4235	355,74	-1,8461
1496,2899	635	33X	514203,683	8558022,634	354,0523	4237,5	355,95	-1,8977
1499,0181	636	33X	514201,128	8558021,689	354,2	4237,5	355,95	-1,75
1501,7887	637	33X	514198,561	8558020,654	354,3256	4240	356,16	-1,8344
1504,6013	638	33X	514195,987	8558019,525	354,4282	4242,5	356,37	-1,9418
1507,4552	639	33X	514193,406	8558018,31	354,5095	4245	356,58	-2,0705
1510,3462	640	33X	514190,82	8558017,019	354,5713	4245	356,58	-2,0087
1513,2727	641	33X	514188,229	8558015,659	354,6152	4247,5	356,79	-2,1748
1516,2305	642	33X	514185,634	8558014,24	354,643	4250	357	-2,357
1519,2163	643	33X	514183,034	8558012,772	354,6564	4250	357	-2,3436
1522,2247	644	33X	514180,432	8558011,262	354,6571	4252,5	357,21	-2,5529
1525,2524	645	33X	514177,827	8558009,719	354,6468	4255	357,42	-2,7732
1528,2933	646	33X	514175,221	8558008,152	354,6272	4255	357,42	-2,7928
1531,3438	647	33X	514172,613	8558006,57	354,6	4257,5	357,63	-3,03
1534,39	648	33X	514170,007	8558004,993	354,5678	4260	357,84	-3,2722
1537,4	649	33X	514167,408	8558003,475	354,5361	4260	357,84	-3,3039
1540,3302	650	33X	514164,828	8558002,086	354,5114	4262,5	358,05	-3,5386
1543,1495	651	33X	514162,275	8558000,89	354,5	4265	358,26	-3,76
1545,8484	652	33X	514159,756	8557999,921	354,505	4265	358,26	-3,755
1548,4821	653	33X	514157,265	8557999,066	354,516	4267,5	358,47	-3,954
1551,1047	654	33X	514154,797	8557998,179	354,5189	4270	358,68	-4,1611
1553,7807	655	33X	514152,343	8557997,112	354,5	4270	358,68	-4,18
1556,5728	656	33X	514149,895	8557995,77	354,4512	4267,5	358,47	-4,0188
1559,4546	657	33X	514147,437	8557994,267	354,3876	4267,5	358,47	-4,0824
1562,3561	658	33X	514144,954	8557992,767	354,3302	4267,5	358,47	-4,1398
1565,2115	659	33X	514142,428	8557991,436	354,3	4265	358,26	-3,96
1567,9948	660	33X	514139,852	8557990,382	354,3122	4265	358,26	-3,9478
1570,7458	661	33X	514137,249	8557989,493	354,3588	4265	358,26	-3,9012
1573,4903	662	33X	514134,654	8557988,602	354,426	4265	358,26	-3,834
1576,2584	663	33X	514132,098	8557987,542	354,5	4262,5	358,05	-3,55
1579,0918	664	33X	514129,603	8557986,201	354,5704	4262,5	358,05	-3,4796
1581,9767	665	33X	514127,144	8557984,694	354,6399	4262,5	358,05	-3,4101
1584,8608	666	33X	514124,683	8557983,192	354,7144	4262,5	358,05	-3,3356
1587,6911	667	33X	514122,184	8557981,866	354,8	4260	357,84	-3,04
1590,4583	668	33X	514119,62	8557980,83	354,9	4260	357,84	-2,94
1593,204	669	33X	514117,015	8557979,969	355,0068	4260	357,84	-2,8332
1595,9521	670	33X	514114,406	8557979,112	355,1102	4257,5	357,63	-2,5198
1598,7299	671	33X	514111,827	8557978,084	355,2	4257,5	357,63	-2,43
1601,5745	672	33X	514109,305	8557976,77	355,2687	4257,5	357,63	-2,3613
1604,4674	673	33X	514106,827	8557975,278	355,3204	4257,5	357,63	-2,3096
1607,3506	674	33X	514104,37	8557973,77	355,3619	4255	357,42	-2,0581
1610,161	675	33X	514101,912	8557972,408	355,4	4255	357,42	-2,02
1612,8693	676	33X	514099,437	8557971,309	355,4391	4255	357,42	-1,9809
1615,5195	677	33X	514096,95	8557970,394	355,4739	4255	357,42	-1,9461
1618,1513	678	33X	514094,46	8557969,542	355,4968	4252,5	357,21	-1,7132
1620,7946	679	33X	514091,979	8557968,63	355,5	4252,5	357,21	-1,71
1623,4793	680	33X	514089,516	8557967,562	355,4788	4252,5	357,21	-1,7312
1626,2018	681	33X	514087,074	8557966,359	355,4401	4250	357	-1,5599
1628,9432	682	33X	514084,655	8557965,07	355,394	4250	357	-1,606
1631,681	683	33X	514082,259	8557963,746	355,3503	4247,5	356,79	-1,4397
1634,3893	684	33X	514079,89	8557962,434	355,3192	4245	356,58	-1,2608
1637,0435	685	33X	514077,548	8557961,185	355,3104	4242,5	356,37	-1,0596
1639,6201	686	33X	514075,236	8557960,048	355,334	4242,5	356,37	-1,036
1642,1016	687	33X	514072,955	8557959,073	355,4	4240	356,16	-0,76
1644,5081	688	33X	514070,689	8557958,27	355,5091	4237,5	355,95	-0,4409
1646,9762	689	33X	514068,349	8557957,494	355,6255	4235	355,74	-0,1145
1649,6635	690	33X	514065,829	8557956,564	355,7041	4232,5	355,53	0,1741
1652,744	691	33X	514063,022	8557955,295	355,7	4232,5	355,53	0,17
1656,321	692	33X	514059,886	8557953,578	355,5888	4230	355,32	0,2688
1660,1327	693	33X	514056,631	8557951,601	355,429	4227,5	355,11	0,319
1663,8117	694	33X	514053,531	8557949,624	355,3	4225	354,9	0,4
1667,0732	695	33X	514050,788	8557947,86	355,2626	4225	354,9	0,3626
1669,971	696	33X	514048,323	8557946,337	355,3042	4222,5	354,69	0,6142
1672,6493	697	33X	514045,982	8557945,039	355,3937	4220	354,48	0,9137
1675,2565	698	33X	514043,616	8557943,949	355,5	4217,5	354,27	1,23
1677,9294	699	33X	514041,108	8557943,03	355,5987	4215	354,06	1,5387
1680,6787	700	33X	514038,497	8557942,174	355,6922	4215	354,06	1,6322
1683,4744	701	33X	514035,856	8557941,262	355,7896	4212,5	353,85	1,9396
1686,295	702	33X	514033,259	8557940,167	355,9	4210	353,64	2,26
1689,1432	703	33X	514030,757	8557938,812	356,0269	4207,5	353,43	2,5969
1692,0151	704	33X	514028,313	8557937,309	356,1518	4207,5	353,43	2,7218
1694,8862	705	33X	514025,862	8557935,817	356,2508	4205	353,22	3,0308
1697,7319	706	33X	514023,344	8557934,492	356,3	4202,5	353,01	3,29
1700,564	707	33X	514020,715	8557933,439	356,2844	4202,5	353,01	3,2744
1703,4129	708	33X	514018,01	8557932,547	356,2256	4200	352,8	3,4256
1706,2833	709	33X	514015,283	8557931,654	356,1539	4197,5	352,59	3,5639
1709,1788	710	33X	514012,589	8557930,594	356,1	4197,5	352,59	3,51
1712,1225	711	33X	514009,965	8557929,26	356,087	4195	352,38	3,707
1715,1017	712	33X	514007,391	8557927,76	356,1084	4192,5	352,17	3,9384
1718,0698	713	33X	514004,832	8557926,257	356,1507	4190	351,96	4,1907
1720,9797	714	33X	514002,25	8557924,916	356,2	4190	351,96	4,24
1723,8208	715	33X	513999,618	8557923,847	356,2458	4187,5	351,75	4,4958
1726,6432	716	33X	513996,94	8557922,957	356,2906	4185	351,54	4,7506
1729,4881	717	33X	513994,228	8557922,099	356,3401	4185	351,54	4,8001
1732,3894	718	33X	513991,494	8557921,13	356,4	4182,5	351,33	5,07
1735,3857	719	33X	513988,746	8557919,938	356,4734	4180	351,12	5,3534
1738,4837	720	33X	513985,977	8557918,551	356,5539	4180	351,12	5,4339
1741,671	721	33X	513983,176	8557917,032	356,6324	4177,5	350,91	5,7224
1744,929	722	33X	513980,332	8557915,444	356,7	4175	350,7	6
1748,2373	723	33X	513977,439	8557913,84	356,7495	4175	350,7	6,0495
1751,5812	724	33X	513974,504	8557912,238	356,7808	4172,5	350,49	6,2908
1754,948	725	33X	513971,539	8557910,643	356,796	4170	350,28	6,516
1758,3259	726	33X	513968,554	8557909,062	356,7969	4170	350,28	6,5169
1761,6997	727	33X	513965,562	8557907,503	356,7854	4167,5	350,07	6,7154
1765,0567	728	33X	513962,574	8557905,973	356,7633	4165	349,86	6,9033
1768,385	729	33X	513959,601	8557904,477	356,7325	4165	349,86	6,8725
1771,6701	730	33X	513956,655	8557903,024	356,695	4162,5	349,65	7,045
1774,9004	731	33X	513953,746	8557901,62	356,6526	4160	349,44	7,2126
1778,0616	732	33X	513950,887	8557900,272	356,6071	4157,5	349,23	7,3771
1781,1409	733	33X	513948,089	8557898,987	356,5605	4157,5	349,23	7,3305
1784,1249	734	33X	513945,364	8557897,772	356,5146	4155	349,02	7,4946
1787,0019	735	33X	513942,722	8557896,634	356,4713	4155	349,02	7,4513
1789,7581	736	33X	513940,176	8557895,579	356,4325	4152,5	348,81	7,6225
1792,3818	737	33X	513937,736	8557894,615	356,4	4152,5	348,81	7,59
1794,8755	738	33X	513935,404	8557893,732	356,3747	4150	348,6	7,7747
1797,3005	739	33X	513933,144	8557892,853	356,3528	4150	348,6	7,7528
1799,7372	740	33X	513930,908	8557891,885	356,3295	4150	348,6	7,7295
1802,2713	741	33X	513928,65	8557890,735	356,3	4147,5	348,39	7,91
1804,9701	742	33X	513926,334	8557889,35	356,2622	4147,5	348,39	7,8722
1807,7792	743	33X	513923,965	8557887,841	356,2252	4145	348,18	8,0452
1810,6035	744	33X	513921,559	8557886,362	356,2005	4145	348,18	8,0205
1813,3549	745	33X	513919,133	8557885,064	356,2	4145	348,18	8,02
1815,994	746	33X	513916,698	8557884,047	356,2326	4142,5	347,97	8,2626
1818,5953	747	33X	513914,242	8557883,192	356,2965	4142,5	347,97	8,3265
1821,236	748	33X	513911,748	8557882,329	356,3872	4140	347,76	8,6272
1823,992	749	33X	513909,199	8557881,287	356,5	4140	347,76	8,74
1826,9251	750	33X	513906,59	8557879,953	356,6276	4137,5	347,55	9,0776
1829,9549	751	33X	513903,965	8557878,445	356,7512	4137,5	347,55	9,2012
1832,9508	752	33X	513901,377	8557876,939	356,8492	4137,5	347,55	9,2992
1835,7768	753	33X	513898,884	8557875,609	356,9	4135	347,34	9,56
1838,3553	754	33X	513896,522	8557874,575	356,8898	4135	347,34	9,5498
1840,7813	755	33X	513894,253	8557873,718	356,8362	4132,5	347,13	9,7062
1843,1709	756	33X	513892,022	8557872,865	356,7645	4132,5	347,13	9,6345
1845,6433	757	33X	513889,773	8557871,84	356,7	4132,5	347,13	9,57
1848,3029	758	33X	513887,461	8557870,526	356,6631	4130	346,92	9,7431
1851,0997	759	33X	513885,096	8557869,033	356,654	4130	346,92	9,734
1853,9356	760	33X	513882,695	8557867,524	356,6679	4130	346,92	9,7479
1856,7044	761	33X	513880,28	8557866,17	356,7	4127,5	346,71	9,99
1859,3504	762	33X	513877,868	8557865,083	356,7452	4127,5	346,71	10,0352
1861,9182	763	33X	513875,469	8557864,169	356,7977	4127,5	346,71	10,0877
1864,4548	764	33X	513873,092	8557863,285	356,8513	4127,5	346,71	10,1413
1867,0051	765	33X	513870,746	8557862,286	356,9	4125	346,5	10,4
1869,6206	766	33X	513868,435	8557861,062	356,9389	4125	346,5	10,4389
1872,2968	767	33X	513866,158	8557859,656	356,9678	4125	346,5	10,4678
1875,0052	768	33X	513863,907	8557858,15	356,9878	4122,5	346,29	10,6978
1877,7097	769	33X	513861,677	8557856,62	357	4122,5	346,29	10,71
1880,3814	770	33X	513859,458	8557855,132	357,0056	4122,5	346,29	10,7156
1883,0374	771	33X	513857,223	8557853,697	357,0062	4122,5	346,29	10,7162
1885,7099	772	33X	513854,941	8557852,306	357,0037	4120	346,08	10,9237
1888,428	773	33X	513852,583	8557850,954	357	4120	346,08	10,92
1891,2176	774	33X	513850,126	8557849,633	356,9969	4120	346,08	10,9169
1894,0755	775	33X	513847,583	8557848,329	356,9964	4117,5	345,87	11,1264
1896,9873	776	33X	513844,979	8557847,026	357,0003	4117,5	345,87	11,1303
1899,9398	777	33X	513842,336	8557845,71	357,0107	4117,5	345,87	11,1407
1902,9201	778	33X	513839,677	8557844,364	357,0295	4115	345,66	11,3695
1905,9158	779	33X	513837,024	8557842,973	357,0586	4115	345,66	11,3986
1908,9143	780	33X	513834,402	8557841,519	357,1	4112,5	345,45	11,65
1911,8996	781	33X	513831,829	8557840,006	357,1536	4107,5	345,03	12,1236
1914,8303	782	33X	513829,315	8557838,501	357,2115	4105	344,82	12,3915
1917,66	783	33X	513826,865	8557837,086	357,2636	4102,5	344,61	12,6536
1920,3439	784	33X	513824,485	8557835,846	357,3	4097,5	344,19	13,11
1922,8675	785	33X	513822,175	8557834,83	357,314	4095	343,98	13,334
1925,3008	786	33X	513819,908	8557833,946	357,312	4090	343,56	13,752
1927,7205	787	33X	513817,652	8557833,071	357,3041	4087,5	343,35	13,9541
1930,2069	788	33X	513815,373	8557832,077	357,3	4085	343,14	14,16
1932,8265	789	33X	513813,047	8557830,872	357,3077	4080	342,72	14,5877
1935,5695	790	33X	513810,68	8557829,486	357,3278	4077,5	342,51	14,8178
1938,3987	791	33X	513808,287	8557827,977	357,359	4072,5	342,09	15,269
1941,2722	792	33X	513805,88	8557826,408	357,4	4070	341,88	15,52
1944,1461	793	33X	513803,474	8557824,837	357,449	4067,5	341,67	15,779
1946,9774	794	33X	513801,079	8557823,328	357,5017	4062,5	341,25	16,2517
1949,7273	795	33X	513798,705	8557821,941	357,5536	4060	341,04	16,5136
1952,3615	796	33X	513796,362	8557820,738	357,6	4055	340,62	16,98
1954,8717	797	33X	513794,056	8557819,747	357,6371	4055	340,62	17,0171
1957,3135	798	33X	513791,78	8557818,863	357,6652	4052,5	340,41	17,2552
1959,7489	799	33X	513789,524	8557817,946	357,6858	4050	340,2	17,4858
1962,2464	800	33X	513787,276	8557816,858	357,7	4047,5	339,99	17,71
1964,8693	801	33X	513785,026	8557815,51	357,709	4047,5	339,99	17,719
1967,5812	802	33X	513782,766	8557814,011	357,7123	4045	339,78	17,9323
1970,3052	803	33X	513780,487	8557812,519	357,7096	4042,5	339,57	18,1396
1972,9652	804	33X	513778,181	8557811,193	357,7	4040	339,36	18,34
1975,5308	805	33X	513775,842	8557810,139	357,6833	4040	339,36	18,3233
1978,0584	806	33X	513773,473	8557809,258	357,6604	4037,5	339,15	18,5104
1980,5997	807	33X	513771,08	8557808,403	357,6322	4035	338,94	18,6922
1983,2023	808	33X	513768,67	8557807,421	357,6	4032,5	338,73	18,87
1985,9163	809	33X	513766,245	8557806,203	357,564	4030	338,52	19,044
1988,7446	810	33X	513763,793	8557804,794	357,5211	4027,5	338,31	19,2111
1991,6609	811	33X	513761,301	8557803,28	357,4677	4027,5	338,31	19,1577
1994,6348	812	33X	513758,753	8557801,748	357,4	4025	338,1	19,3
1997,641	813	33X	513756,14	8557800,264	357,3158	4022,5	337,89	19,4258
2000,6682	814	33X	513753,472	8557798,837	357,2195	4020	337,68	19,5395
2003,7128	815	33X	513750,762	8557797,453	357,1171	4017,5	337,47	19,6471
2006,765	816	33X	513748,027	8557796,102	357,0146	4015	337,26	19,7546
2009,8181	817	33X	513745,281	8557794,771	356,9181	4012,5	337,05	19,8681
2012,8634	818	33X	513742,537	8557793,453	356,8335	4010	336,84	19,9935
2015,892	819	33X	513739,812	8557792,133	356,7668	4010	336,84	19,9268
2018,8963	820	33X	513737,119	8557790,802	356,7242	4010	336,84	19,8842
2021,8686	821	33X	513734,473	8557789,448	356,7115	4012,5	337,05	19,6615
2024,8006	822	33X	513731,89	8557788,061	356,7347	4012,5	337,05	19,6847
2027,6893	823	33X	513729,382	8557786,629	356,8	4012,5	337,05	19,75
2030,5294	824	33X	513726,958	8557785,153	356,907	4012,5	337,05	19,857
2033,3224	825	33X	513724,59	8557783,677	357,0304	4012,5	337,05	19,9804
2036,0634	826	33X	513722,245	8557782,262	357,1386	4015	337,26	19,8786
2038,7555	827	33X	513719,889	8557780,961	357,2	4015	337,26	19,94
2041,4065	828	33X	513717,497	8557779,818	357,1932	4015	337,26	19,9332
2044,014	829	33X	513715,092	8557778,812	357,1378	4015	337,26	19,8778
2046,5641	830	33X	513712,708	8557777,91	357,0634	4015	337,26	19,8034
2049,0393	831	33X	513710,378	8557777,077	357	4012,5	337,05	19,95
2051,4308	832	33X	513708,127	8557776,27	356,9702	4012,5	337,05	19,9202
2053,7738	833	33X	513705,942	8557775,424	356,9685	4012,5	337,05	19,9185
2056,1188	834	33X	513703,803	8557774,463	356,9826	4012,5	337,05	19,9326
2058,5255	835	33X	513701,689	8557773,313	357	4012,5	337,05	19,95
2061,0459	836	33X	513699,578	8557771,936	357,0104	4012,5	337,05	19,9604
2063,651	837	33X	513697,446	8557770,439	357,013	4010	336,84	20,173
2066,2828	838	33X	513695,267	8557768,963	357,0091	4010	336,84	20,1691
2068,886	839	33X	513693,018	8557767,652	357	4010	336,84	20,16
2071,4471	840	33X	513690,683	8557766,6	356,9865	4010	336,84	20,1465
2073,9989	841	33X	513688,29	8557765,714	356,9668	4010	336,84	20,1268
2076,5604	842	33X	513685,877	8557764,855	356,9387	4010	336,84	20,0987
2079,1475	843	33X	513683,481	8557763,88	356,9	4007,5	336,63	20,27
2081,7803	844	33X	513681,135	8557762,686	356,85	4007,5	336,63	20,22
2084,4592	845	33X	513678,842	8557761,302	356,7948	4007,5	336,63	20,1648
2087,1623	846	33X	513676,602	8557759,79	356,7422	4007,5	336,63	20,1122
2089,8604	847	33X	513674,411	8557758,216	356,7	4007,5	336,63	20,07
2092,5235	848	33X	513672,263	8557756,642	356,673	4005	336,42	20,253
2095,139	849	33X	513670,126	8557755,134	356,654	4005	336,42	20,234
2097,7062	850	33X	513667,964	8557753,75	356,633	4005	336,42	20,213
2100,232	851	33X	513665,739	8557752,555	356,6	4002,5	336,21	20,39
2102,7424	852	33X	513663,428	8557751,576	356,5472	4002,5	336,21	20,3372
2105,2794	853	33X	513661,048	8557750,7	356,4767	4000	336	20,4767
2107,8685	854	33X	513658,629	8557749,781	356,3928	4000	336	20,3928
2110,5366	855	33X	513656,204	8557748,672	356,3	3997,5	335,79	20,51
2113,3136	856	33X	513653,802	8557747,282	356,2022	3997,5	335,79	20,4122
2116,1122	857	33X	513651,464	8557745,747	356,1017	3995	335,58	20,5217
2118,8014	858	33X	513649,227	8557744,258	356,0004	3995	335,58	20,4204
2121,2427	859	33X	513647,133	8557743,007	355,9	3995	335,58	20,32
2123,3935	860	33X	513645,181	8557742,109	355,8033	3995	335,58	20,2233
2125,4987	861	33X	513643,214	8557741,364	355,7163	3995	335,58	20,1363
2127,8443	862	33X	513641,034	8557740,501	355,6462	3995	335,58	20,0662
2130,7236	863	33X	513638,444	8557739,244	355,6	3997,5	335,79	19,81
2134,3101	864	33X	513635,346	8557737,437	355,5819	3997,5	335,79	19,7919
2138,1928	865	33X	513632,04	8557735,401	355,5852	3997,5	335,79	19,7952
2141,8036	866	33X	513628,925	8557733,575	355,6	3997,5	335,79	19,81
2144,7329	867	33X	513626,296	8557732,283	355,6186	3997,5	335,79	19,8286
2147,1547	868	33X	513624,045	8557731,39	355,6405	4000	336	19,6405
2149,3657	869	33X	513621,962	8557730,649	355,6672	3992,5	335,37	20,2972
2151,6523	870	33X	513619,836	8557729,808	355,7	3985	334,74	20,96
2154,2421	871	33X	513617,507	8557728,676	355,7384	3980	334,32	21,4184
2157,0924	872	33X	513615,016	8557727,291	355,7745	3972,5	333,69	22,0845
2160,0826	873	33X	513612,456	8557725,746	355,7983	3965	333,06	22,7383
2163,0882	874	33X	513609,918	8557724,136	355,8	3960	332,64	23,16
2166,0043	875	33X	513607,473	8557722,547	355,7745	3952,5	332,01	23,7645
2168,8156	876	33X	513605,1	8557721,04	355,7364	3945	331,38	24,3564
2171,5349	877	33X	513602,756	8557719,662	355,7051	3940	330,96	24,7451
2174,1775	878	33X	513600,399	8557718,467	355,7	3930	330,12	25,58
2176,7747	879	33X	513597,999	8557717,475	355,7338	3920	329,28	26,4538
2179,3472	880	33X	513595,586	8557716,585	355,7923	3910	328,44	27,3523
2181,9043	881	33X	513593,201	8557715,665	355,8547	3900	327,6	28,2547
2184,4583	882	33X	513590,887	8557714,585	355,9	3890	326,76	29,14
2187,0399	883	33X	513588,672	8557713,259	355,9122	3880	325,92	29,9922
2189,6495	884	33X	513586,522	8557711,78	355,8943	3870	325,08	30,8143
2192,2553	885	33X	513584,386	8557710,288	355,8543	3860	324,24	31,6143
2194,8193	886	33X	513582,215	8557708,925	355,8	3850	323,4	32,4
2197,3321	887	33X	513579,974	8557707,79	355,7394	3840	322,56	33,1794
2199,8124	888	33X	513577,684	8557706,839	355,6805	3832,5	321,93	33,7505
2202,2665	889	33X	513575,382	8557705,99	355,6313	3822,5	321,09	34,5413
2204,6941	890	33X	513573,102	8557705,157	355,6	3812,5	320,25	35,35
2207,0909	891	33X	513570,873	8557704,276	355,5912	3802,5	319,41	36,1812
2209,4641	892	33X	513568,69	8557703,345	355,5964	3792,5	318,57	37,0264
2211,8212	893	33X	513566,54	8557702,379	355,6033	3782,5	317,73	37,8733
2214,1661	894	33X	513564,412	8557701,394	355,6	3772,5	316,89	38,71
2216,5014	895	33X	513562,297	8557700,404	355,5784	3762,5	316,05	39,5284
2218,8135	896	33X	513560,205	8557699,42	355,5466	3752,5	315,21	40,3366
2221,0836	897	33X	513558,15	8557698,456	355,5164	3740	314,16	41,3564
2223,2933	898	33X	513556,147	8557697,523	355,5	3730	313,32	42,18
2225,4365	899	33X	513554,201	8557696,625	355,5061	3720	312,48	43,0261
2227,5581	900	33X	513552,278	8557695,729	355,5311	3710	311,64	43,8911
2229,7152	901	33X	513550,334	8557694,795	355,5683	3700	310,8	44,7683
2231,966	902	33X	513548,326	8557693,779	355,6108	3690	309,96	45,6508
2234,3675	903	33X	513546,21	8557692,644	355,6521	3680	309,12	46,5321
2236,9792	904	33X	513543,944	8557691,346	355,6852	3670	308,28	47,4052
2239,8613	905	33X	513541,483	8557689,846	355,7034	3660	307,44	48,2634
2243,075	906	33X	513538,785	8557688,1	355,7	3650	306,6	49,1
2246,6122	907	33X	513535,852	8557686,123	355,6722	3640	305,76	49,9122
2250,1827	908	33X	513532,881	8557684,143	355,6331	3630	304,92	50,7131
2253,4337	909	33X	513530,112	8557682,44	355,6	3620	304,08	51,52
2256,1163	910	33X	513527,726	8557681,214	355,5857	3610	303,24	52,3457
2258,3792	911	33X	513525,645	8557680,325	355,5863	3602,5	302,61	52,9763
2260,4418	912	33X	513523,732	8557679,554	355,5938	3592,5	301,77	53,8238
2262,52	913	33X	513521,846	8557678,681	355,6	3585	301,14	54,46
2264,7991	914	33X	513519,876	8557677,535	355,5993	3577,5	300,51	55,0893
2267,2759	915	33X	513517,822	8557676,151	355,5952	3567,5	299,67	55,9252
2269,884	916	33X	513515,712	8557674,618	355,5934	3560	299,04	56,5534
2272,5518	917	33X	513513,572	8557673,025	355,6	3552,5	298,41	57,19
2275,2134	918	33X	513511,425	8557671,452	355,6187	3542,5	297,57	58,0487
2277,84	919	33X	513509,269	8557669,952	355,6456	3535	296,94	58,7056
2280,4133	920	33X	513507,096	8557668,574	355,6747	3525	296,1	59,5747
2282,9211	921	33X	513504,899	8557667,365	355,7	3517,5	295,47	60,23
2285,3698	922	33X	513502,672	8557666,347	355,718	3510	294,84	60,878
2287,8055	923	33X	513500,414	8557665,434	355,735	3500	294	61,735
2290,2692	924	33X	513498,127	8557664,518	355,7594	3490	293,16	62,5994
2292,8047	925	33X	513495,811	8557663,487	355,8	3477,5	292,11	63,69
2295,4507	926	33X	513493,468	8557662,259	355,8607	3465	291,06	64,8007
2298,1988	927	33X	513491,1	8557660,866	355,927	3455	290,22	65,707
2301,0235	928	33X	513488,707	8557659,366	355,9798	3442,5	289,17	66,8098
2303,8925	929	33X	513486,291	8557657,819	356	3432,5	288,33	67,67
2306,7701	930	33X	513483,859	8557656,281	355,9736	3420	287,28	68,6936
2309,6076	931	33X	513481,442	8557654,796	355,907	3407,5	286,23	69,677
2312,3542	932	33X	513479,075	8557653,406	355,812	3397,5	285,39	70,422
2314,9579	933	33X	513476,796	8557652,152	355,7	3385	284,34	71,36
2317,3886	934	33X	513474,627	8557651,061	355,5825	3372,5	283,29	72,2925
2319,6813	935	33X	513472,548	8557650,101	355,4698	3362,5	282,45	73,0198
2321,8863	936	33X	513470,526	8557649,227	355,3723	3350	281,4	73,9723
2324,0517	937	33X	513468,529	8557648,393	355,3	3337,5	280,35	74,95
2326,2238	938	33X	513466,525	8557647,556	355,2606	3325	279,3	75,9606
2328,4408	939	33X	513464,491	8557646,674	355,2511	3312,5	278,25	77,0011
2330,7403	940	33X	513462,402	8557645,713	355,2661	3300	277,2	78,0661
2333,1595	941	33X	513460,237	8557644,634	355,3	3287,5	276,15	79,15
2335,7265	942	33X	513457,98	8557643,412	355,3477	3275	275,1	80,2477
2338,4275	943	33X	513455,639	8557642,066	355,4063	3262,5	274,05	81,3563
2341,2349	944	33X	513453,23	8557640,626	355,4732	3250	273	82,4732
2344,1204	945	33X	513450,768	8557639,123	355,5457	3237,5	271,95	83,5957
2347,0527	946	33X	513448,27	8557637,589	355,6215	3225	270,9	84,7215
2350,005	947	33X	513445,75	8557636,053	355,6979	3210	269,64	86,0579
2352,9459	948	33X	513443,225	8557634,547	355,7723	3197,5	268,59	87,1823
2355,8478	949	33X	513440,71	8557633,101	355,8423	3185	267,54	88,3023
2358,6828	950	33X	513438,22	8557631,747	355,9053	3172,5	266,49	89,4153
2361,4252	951	33X	513435,771	8557630,514	355,9587	3160	265,44	90,5187
2364,0501	952	33X	513433,379	8557629,434	356	3147,5	264,39	91,61
2366,5532	953	33X	513431,052	8557628,512	356,0267	3135	263,34	92,6867
2368,9868	954	33X	513428,774	8557627,656	356,0369	3122,5	262,29	93,7469
2371,4172	955	33X	513426,52	8557626,747	356,0286	3110	261,24	94,7886
2373,9176	956	33X	513424,265	8557625,667	356	3097,5	260,19	95,81
2376,549	957	33X	513421,992	8557624,342	355,9531	3085	259,14	96,8131
2379,266	958	33X	513419,712	8557622,865	355,9061	3067,5	257,67	98,2361
2381,9842	959	33X	513417,44	8557621,373	355,8811	3052,5	256,41	99,4711
2384,6155	960	33X	513415,193	8557620,004	355,9	3035	254,94	100,96
2387,1062	961	33X	513412,982	8557618,86	355,9779	3020	253,68	102,2979
2389,49	962	33X	513410,803	8557617,901	356,1011	3002,5	252,21	103,8911
2391,8124	963	33X	513408,646	8557617,053	356,2487	2987,5	250,95	105,2987
2394,1097	964	33X	513406,502	8557616,242	356,4	2970	249,48	106,92
2396,415	965	33X	513404,36	8557615,401	356,5384	2955	248,22	108,3184
2398,7556	966	33X	513402,206	8557614,494	356,6646	2937,5	246,75	109,9146
2401,156	967	33X	513400,028	8557613,492	356,7835	2922,5	245,49	111,2935
2403,6435	968	33X	513397,812	8557612,368	356,9	2905	244,02	112,88
2406,2383	969	33X	513395,55	8557611,102	357,0169	2890	242,76	114,2569
2408,9151	970	33X	513393,262	8557609,717	357,128	2872,5	241,29	115,838
2411,6393	971	33X	513390,975	8557608,24	357,2252	2857,5	240,03	117,1952
2414,3724	972	33X	513388,715	8557606,705	357,3	2830	237,72	119,58
2417,0775	973	33X	513386,502	8557605,15	357,3472	2805	235,62	121,7272
2419,7246	974	33X	513384,328	8557603,64	357,3733	2777,5	233,31	124,0633
2422,285	975	33X	513382,179	8557602,248	357,3877	2752,5	231,21	126,1777
2424,7378	976	33X	513380,041	8557601,046	357,4	2725	228,9	128,5
2427,0896	977	33X	513377,9	8557600,073	357,4178	2700	226,8	130,6178
2429,4087	978	33X	513375,744	8557599,219	357,4413	2672,5	224,49	132,9513
2431,7601	979	33X	513373,564	8557598,338	357,4692	2647,5	222,39	135,0792
2434,2124	980	33X	513371,35	8557597,284	357,5	2620	220,08	137,42
2436,8249	981	33X	513369,097	8557595,962	357,5334	2595	217,98	139,5534
2439,5467	982	33X	513366,817	8557594,476	357,5739	2567,5	215,67	141,9039
2442,2806	983	33X	513364,53	8557592,979	357,6275	2542,5	213,57	144,0575
2444,9328	984	33X	513362,253	8557591,621	357,7	2515	211,26	146,44
2447,4475	985	33X	513359,997	8557590,514	357,7941	2490	209,16	148,6341
2449,8831	986	33X	513357,746	8557589,59	357,9005	2462,5	206,85	151,0505
2452,309	987	33X	513355,476	8557588,741	358,0066	2430	204,12	153,8866
2454,7873	988	33X	513353,163	8557587,856	358,1	2397,5	201,39	156,71
2457,3665	989	33X	513350,79	8557586,848	358,1712	2365	198,66	159,5112
2460,0383	990	33X	513348,368	8557585,721	358,2227	2332,5	195,93	162,2927
2462,7809	991	33X	513345,912	8557584,501	358,2599	2300	193,2	165,0599
2465,5671	992	33X	513343,441	8557583,214	358,2884	2267,5	190,47	167,8184
2468,3707	993	33X	513340,971	8557581,888	358,3135	2235	187,74	170,5735
2471,1659	994	33X	513338,518	8557580,548	358,3408	2202,5	185,01	173,3308
2473,9257	995	33X	513336,099	8557579,22	358,3756	2170	182,28	176,0956
2476,6213	996	33X	513333,732	8557577,931	358,4235	2137,5	179,55	178,8735
2479,2267	997	33X	513331,433	8557576,707	358,4899	2105	176,82	181,6699
2481,7141	998	33X	513329,22	8557575,575	358,5802	2072,5	174,09	184,4902
2484,0599	999	33X	513327,108	8557574,561	358,7	2040	171,36	187,34
2486,2587	1000	33X	513325,103	8557573,671	358,8503	2007,5	168,63	190,2203
2488,3875	1001	33X	513323,16	8557572,817	359,0144	1975	165,9	193,1144
2490,5349	1002	33X	513321,225	8557571,899	359,1713	1940	162,96	196,2113
2492,805	1003	33X	513319,239	8557570,807	359,3	1905	160,02	199,28
2495,2665	1004	33X	513317,169	8557569,478	359,3886	1870	157,08	202,3086
2497,84	1005	33X	513315,06	8557568,005	359,4621	1835	154,14	205,3221
2500,3996	1006	33X	513312,978	8557566,519	359,5545	1800	151,2	208,3545
2502,8175	1007	33X	513310,989	8557565,152	359,7	1765	148,26	211,44
2505,006	1008	33X	513309,139	8557564,004	359,9218	1730	145,32	214,6018
2507,0284	1009	33X	513307,389	8557563,029	360,1997	1695	142,38	217,8197
2508,9757	1010	33X	513305,677	8557562,152	360,5028	1660	139,44	221,0628
2510,9322	1011	33X	513303,944	8557561,294	360,8	1625	136,5	224,3
2512,9633	1012	33X	513302,143	8557560,393	361,0648	1590	133,56	227,5048
2515,0572	1013	33X	513300,285	8557559,454	361,2889	1555	130,62	230,6689
								0
								0
								0
								0
								0
								0
								0
								0
								0
								0
								0
								0
								0
								0
								0
								0
								0
								0
								0
								0
								0
								0
								0
								0
								0
								0
								0
								0
								0
								0
								0
								0
								0
								0
								0
								0
								0
								0
								0
								0
								0
								0
								0
								0
								0
								0
								0
								0
								0
								0
								0
								0
								0
								0
								0
								0
								0
								0
								0
								0
								0
								0
								0
								0
								0
								0
								0
								0
								0
								0
								0
								0
								0
								0
								0
								0
								0
								0
								0
								0
								0
								0
								0
								0
								0
								0
								0
								0
								0
								0
								0
								0
								0
								0
								0
								0
								0
								0
								0
								0
								0
								0
								0
								0
								0
								0
								0
								0
								0
								0
								0
								0
								0
								0
								0
								0
								0
								0
								0
								0
								0
								0
								0
								0
								0
								0
								0
								0
								0
								0
								0
								0
								0
								0
								0
								0
								0
								0
								0
								0
								0
								0
								0
								0
								0
								0
								0
								0
								0
								0
								0
								0
								0
								0
								0
								0
								0
								0
								0
								0
								0
								0
								0
								0
								0
								0
								0
								0
								0
								0
								0
								0
								0
								0
								0
								0
								0
								0
								0
								0
								0
								0
								0
								0
								0
								0
								0
								0
								0
								0
								0
								0
								0
								0
								0
								0
								0
								0
								0
								0
								0
								0
								0
								0
								0
								0
								0
								0
								0
								0
								0
								0
								0
								0
								0
								0
								0
								0
								0
								0
								0
								0
								0
								0
								0
								0
								0
								0
								0
								0
								0
								0
								0
								0
								0
								0
								0
								0
								0
								0
								0
								0
								0
								0
								0
								0
								0
								0
								0
								0
								0
								0
								0
								0
								0
								0
								0
								0
								0
								0
								0
								0
								0
								0
								0
								0
								0
								0
								0
								0
								0
								0
								0
								0
								0
								0
								0
								0
								0
								0
								0
								0
								0
								0
								0
								0
								0
								0
								0
								0
								0
								0
								0
								0
								0
								0
								0
								0
								0
								0
								0
								0
								0
								0
								0
								0
								0
								0
								0
								0
								0
								0
								0
								0
								0
								0
								0
								0
								0
								0
								0
								0
								0
								0
								0
								0
								0
								0
								0
								0
								0
								0
								0
								0
								0
								0
								0
								0
								0
								0
								0
								0
								0
								0
								0
								0
								0
								0
								0
								0
								0
								0
								0
								0
								0
								0
								0
								0
								0
								0
								0
								0
								0
								0
								0
								0
								0
								0
								0
								0
								0
								0
								0
								0
								0
								0
								0
								0
								0
								0
								0
								0
								0
								0
								0
								0
								0
								0
								0
								0
								0
								0
								0
								0
								0
								0
								0
								0
								0
								0
								0
								0
								0
								0
								0
								0
								0
								0
								0
								0
								0
								0
								0
								0
								0
								0
								0
								0
								0
								0
								0
								0
								0
								0
								0
								0
								0
								0
								0
								0
								0
								0
								0
								0
								0
								0
								0
								0
								0
								0
								0
								0
								0
								0
								0
								0
								0
								0
								0
								0
								0
								0
								0
								0
								0
								0
								0
								0
								0
								0
								0
								0
								0
								0
								0
								0
								0
								0
								0
								0
								0
								0
								0
								0
								0
								0
								0
								0
								0
								0
								0
								0
								0
								0
								0
								0
								0
								0
								0
								0
								0
								0
								0
								0
								0
								0
								0
								0
								0
								0
								0
								0
								0
								0
								0
								0
								0
								0
								0
								0
								0
								0
								0
								0
								0
								0
								0
								0
								0
								0
								0
								0
								0
								0
								0
								0
								0
								0
								0
								0
								0
								0
								0
								0
								0
								0
								0
								0
								0
								0
								0
								0
								0
								0
								0
								0
								0
								0
								0
								0
								0
								0
								0
								0
								0
								0
								0
								0
								0
								0
								0
								0
								0
								0
								0
								0
								0
								0
								0
								0
								0
								0
								0
								0
								0
								0
								0
								0
								0
								0
								0
								0
								0
								0
								0
								0
								0
								0
								0
								0
								0
								0
								0
								0
								0
								0
								0
								0
								0
								0
								0
								0
								0
								0
								0
								0
								0
								0
								0
								0
								0
								0
								0
								0
								0
								0
								0
								0
								0
								0
								0
								0
								0
								0
								0
								0
								0
								0
								0
								0
								0
								0
								0
								0
								0
								0
								0
								0
								0
								0
								0
								0
								0
								0
								0
								0
								0
								0
								0
								0
								0
								0
								0
								0
								0
								0
								0
								0
								0
								0
								0
								0
								0
								0
								0
								0
								0
								0
								0
								0
								0
								0
								0
								0
								0
								0
								0
								0
								0
								0
								0
								0
								0
								0
								0
								0
								0
								0
								0
								0
								0
								0
								0
								0
								0
								0
								0
								0
								0
								0
								0
								0
								0
								0
								0
								0
								0
								0
								0
								0
								0
								0
								0
								0
								0
								0
								0
								0
								0
								0
								0
								0
								0
								0
								0
								0
								0
								0
								0
								0
								0
								0
								0
								0
								0
								0
								0
								0
								0
								0
								0
								0
								0
								0
								0
								0
								0
								0
								0
								0
								0
								0
								0
								0
								0
								0
								0
								0
								0
								0
								0
								0
								0
								0
								0
								0
								0
								0
								0
								0
								0
								0
								0
								0
								0
								0
								0
								0
								0
								0
								0
								0
								0
								0
								0
								0
								0
								0
								0
								0
								0
								0
								0
								0
								0
								0
								0
								0
								0
								0
								0
								0
								0
								0
								0
								0
								0
								0
								0
								0
								0
								0
								0
								0
								0
								0
								0
								0
								0
								0
								0
								0
								0
								0
								0
								0
								0
								0
								0
								0
								0
								0
								0
								0
								0
								0
								0
								0
								0
								0
								0
								0
								0
								0
								0
								0
								0
								0
								0
								0
								0
								0
								0
								0
								0
								0
								0
								0
								0
								0
								0
								0
								0
								0
								0
								0
								0
								0
								0
								0
								0
								0
								0
								0
								0
								0
								0
								0
								0
								0
								0
								0
								0
								0
								0
								0
								0
								0
								0
								0
								0
								0
								0
								0
								0
								0
								0
								0
								0
								0
								0
								0
								0
								0
								0
								0
								0
								0
								0
								0
								0
								0
								0
								0
								0
								0
								0
								0
								0
								0
								0
								0
								0
								0
								0
								0
								0
								0
								0
								0
								0
								0
								0
								0
								0
								0
								0
								0
								0
								0
								0
								0
								0
								0
								0
								0
								0
								0
								0
								0
								0
								0
								0
								0
								0
								0
								0
								0
								0
								0
								0
								0
								0
								0
								0
								0
								0
								0
								0
								0
								0
								0
								0
								0
								0
								0
								0
								0
								0
								0
								0
								0
								0
								0
								0
								0
								0
								0
								0
								0
								0
								0
								0
								0
								0
								0
								0
								0
								0
								0
								0
								0
								0
								0
								0
								0
								0
								0
								0
								0
								0
								0
								0
								0
								0
								0
								0
								0
								0
								0
								0
								0
								0
								0
								0
								0
								0
								0
								0
								0
								0
								0
								0
								0
								0
								0
								0
								0
								0
								0
								0
								0
								0
								0
								0
								0
								0
								0
								0
								0
								0
								0
								0
								0
								0
								0
								0
								0
								0
								0
								0
								0
								0
								0
								0
								0
								0
								0
								0
								0
								0
								0
								0
								0
								0
								0
								0
								0
								0
								0
								0
								0
								0
								0
								0
								0
								0
								0
								0
								0
								0
								0
								0
								0
								0
								0
								0
								0
								0
								0
								0
								0
								0
								0
								0
								0
								0
								0
								0
								0
								0
								0
								0
								0
								0
								0
								0
								0
								0
								0
								0
								0
								0
								0
								0
								0
								0
								0
								0
								0
								0
								0
								0
								0
								0
								0
								0
								0
								0
								0
								0
								0
								0
								0
								0
								0
								0
								0
								0
								0
								0
								0
								0
								0
								0
								0
								0
								0
								0
								0
								0
								0
								0
								0
								0
								0
								0
								0
								0
								0
								0
								0
								0
								0
								0
								0
								0
								0
								0
								0
								0
								0
								0
								0
								0
								0
								0
								0
								0
								0
								0
								0
								0
								0
								0
								0
								0
								0
								0
								0
								0
								0
								0
								0
								0
								0
								0
								0
								0
								0
								0
								0
								0
								0
								0
								0
								0
								0
								0
								0
								0
								0
								0
								0
								0
								0
								0
								0
								0
								0
								0
								0
								0
								0
								0
								0
								0
								0
								0
								0
								0
								0
								0
								0
								0
								0
								0
								0
								0
								0
								0
								0
								0
								0
								0
								0
								0
								0
								0
								0
								0
								0
								0
								0
								0
								0
								0
								0
								0
								0
								0
								0
								0
								0
								0
								0
								0
								0
								0
								0
								0
								0
								0
								0
								0
								0
								0
								0
								0
								0
								0
								0
								0
								0
								0
								0
								0
								0
								0
								0
								0
								0
								0
								0
								0
								0
								0
								0
								0
								0
								0
								0
								0
								0
								0
								0
								0
								0
								0
								0
								0
								0
								0
								0
								0
								0
								0
								0
								0
								0
								0
								0
								0
								0
								0
								0
								0
								0
								0
								0
								0
								0
								0
								0
								0
								0
								0
								0
								0
								0
								0
								0
								0
								0
								0
								0
								0
								0
								0
								0
								0
								0
								0
								0
								0
								0
								0
								0
								0
								0
								0
								0
								0
								0
								0
								0
								0
								0
								0
								0
								0
								0
								0
								0
								0
								0
								0
								0
								0
								0
								0
								0
								0
								0
								0
								0
								0
								0
								0
								0
								0
								0
								0
								0
								0
								0
								0
								0
								0
								0
								0
								0
								0
								0
								0
								0
								0
								0
								0
								0
								0
								0
								0
								0
								0
								0
								0
								0
								0
								0
								0
								0
								0
								0
								0
								0
								0
								0
								0
								0
								0
								0
								0
								0
								0
								0
								0
								0
								0
								0
								0
								0
								0
								0
								0
								0
								0
								0
								0
								0
								0
								0
								0
								0
								0
								0
								0
								0
								0
								0
								0
								0
								0
								0
								0
								0
								0
								0
								0
								0
								0
								0
								0
								0
								0
								0
								0
								0
								0
								0
								0
								0
								0
								0
								0
								0
								0
								0
								0
								0
								0
								0
								0
								0
								0
								0
								0
								0
								0
								0
								0
								0
								0
								0
								0
								0
								0
								0
								0
								0
								0
								0
								0
								0
								0
								0
								0
								0
								0
								0
								0
								0
								0
								0
								0
								0
								0
								0
								0
								0
								0
								0
								0
								0
								0
								0
								0
								0
								0
								0
								0
								0
								0
								0
								0
								0
								0
								0
								0
								0
								0
								0
								0
								0
								0
								0
								0
								0
								0
								0
								0
								0
								0
								0
								0
								0
								0
								0
								0
								0
								0
								0
								0
								0
								0
								0
								0
								0
								0
								0
								0
								0
								0
								0
								0
								0
								0
								0
								0
								0
								0
								0
								0
								0
								0
								0
								0
								0
								0
								0
								0
								0
								0
								0
								0
								0
								0
								0
								0
								0
								0
								0
								0
								0
								0
								0
								0
								0
								0
								0
								0
								0
								0
								0
								0
								0
								0
								0
								0
								0
								0
								0
								0
								0
								0
								0
								0
								0
								0
								0
								0
								0
								0
								0
								0
								0
								0
								0
								0
								0
								0
								0
								0
								0
								0
								0
								0
								0
								0
								0
								0
								0
								0
								0
								0
								0
								0
								0
								0
								0
								0
								0
								0
								0
								0
								0
								0
								0
								0
								0
								0
								0
								0
								0
								0
								0
								0
								0
								0
								0
								0
								0
								0
								0
								0
								0
								0
								0
								0
								0
								0
								0
								0
								0
								0
								0
								0
								0
								0
								0
								0
								0
								0
								0
								0
								0
								0
								0
								0
								0
								0
								0
								0
								0
								0
								0
								0
								0
								0
								0
								0
								0
								0
								0
								0
								0
								0
								0
								0
								0
								0
								0
								0
								0
								0
								0
								0
								0
								0
								0
								0
								0
								0
								0
								0
								0
								0
								0
								0
								0
								0
								0
								0
								0
								0
								0
								0
								0
								0
								0
								0
								0
								0
								0
								0
								0
								0
								0
								0
								0
								0
								0
								0
								0
								0
								0
								0
								0
								0
								0
								0
								0
								0
								0
								0
								0
								0
								0
								0
								0
								0
								0
								0
								0
								0
								0
								0
								0
								0
								0
								0
								0
								0
								0
								0
								0
								0
								0
								0
								0
								0
								0
								0
								0
								0
								0
								0
								0
								0
								0
								0
								0
								0
								0
								0
								0
								0
								0
								0
								0
								0
								0
								0
								0
								0
								0
								0
								0
								0
								0
								0
								0
								0
								0
								0
								0
								0
								0
								0
								0
								0
								0
								0
								0
								0
								0
								0
								0
								0
								0
								0
								0
								0
								0
								0
								0
								0
								0
								0
								0
								0
								0
								0
								0
								0
								0
								0
								0
								0
								0
								0
								0
								0
								0
								0
								0
								0
								0
								0
								0
								0
								0
								0
								0
								0
								0
								0
								0
								0
								0
								0
								0
								0
								0
								0
								0
								0
								0
								0
								0
								0
								0
								0
								0
								0
								0
								0
								0
								0
								0
								0
								0
								0
								0
								0
								0
								0
								0
								0
								0
								0
								0
								0
								0
								0
								0
								0
								0
								0
								0
								0
								0
								0
								0
								0
								0
								0
								0
								0
								0
								0
								0
								0
								0
								0
								0
								0
								0
								0
								0
								0
								0
								0
								0
								0
								0
								0
								0
								0
								0
								0
								0
								0
								0
								0
								0
								0
								0
								0
								0
								0
								0
								0
								0
								0
								0
								0
								0
								0
								0
								0
								0
								0
								0
								0
								0
								0
								0
								0
								0
								0
								0
								0
								0
								0
								0
								0
								0
								0
								0
								0
								0
								0
								0
								0
								0
								0
								0
								0
								0
								0
								0
								0
								0
								0
								0
								0
								0
								0
								0
								0
								0
								0
								0
								0
								0
								0
								0
								0
								0
								0
								0
								0
								0
								0
								0
								0
								0
								0
								0
								0
								0
								0
								0
								0
								0
								0
								0
								0
								0
								0
								0
								0
								0
								0
								0
								0
								0
								0
								0
								0
								0
								0
								0
								0
								0
								0
								0
								0
								0
								0
								0
								0
								0
								0
								0
								0
								0
								0
								0
								0
								0
								0
								0
								0
								0
								0
								0
								0
								0
								0
								0
								0
								0
								0
								0
								0
								0
								0
								0
								0
								0
								0
								0
								0
								0
								0
								0
								0
								0
								0
								0
								0
								0
								0
								0
								0
								0
								0
								0
								0
								0
								0
								0
								0
								0
								0
								0
								0
								0
								0
								0
								0
								0
								0
								0
								0
								0
								0
								0
								0
								0
								0
								0
								0
								0
								0
								0
								0
								0
								0
								0
								0
								0
								0
								0
								0
								0
								0
								0
								0
								0
								0
								0
								0
								0
								0
								0
								0
								0
								0
								0
								0
								0
								0
								0
								0
								0
								0
								0
								0
								0
								0
								0
								0
								0
								0
								0
								0
								0
								0
								0
								0
								0
								0
								0
								0
								0
								0
								0
								0
								0
								0
								0
								0
								0
								0
								0
								0
								0
								0
								0
								0
								0
								0
								0
								0
								0
								0
								0
								0
								0
								0
								0
								0
								0
								0
								0
								0
								0
								0
								0
								0
								0
								0
								0
								0
								0
								0
								0
								0
								0
								0
								0
								0
								0
								0
								0
								0
								0
								0
								0
								0
								0
								0
								0
								0
								0
								0
								0
								0
								0
								0
								0
								0
								0
								0
								0
								0
								0
								0
								0
								0
								0
								0
								0
								0
								0
								0
								0
								0
								0
								0
								0
								0
								0
								0
								0
								0
								0
								0
								0
								0
								0
								0
								0
								0
								0
								0
								0
								0
								0
								0
								0
								0
								0
								0
								0
								0
								0
								0
								0
								0
								0
								0
								0
								0
								0
								0
								0
								0
								0
								0
								0
								0
								0
								0
								0
								0
								0
								0
								0
								0
								0
								0
								0
								0
								0
								0
								0
								0
								0
								0
								0
								0
								0
								0
								0
								0
								0
								0
								0
								0
								0
								0
								0
								0
								0
								0
								0
								0
								0
								0
								0
								0
								0
								0
								0
								0
								0
								0
								0
								0
								0
								0
								0
								0
								0
								0
								0
								0
								0
								0
								0
								0
								0
								0
								0
								0
								0
								0
								0
								0
								0
								0
								0
								0
								0
								0
								0
								0
								0
								0
								0
								0
								0
								0
								0
								0
								0
								0
								0
								0
								0
								0
								0
								0
								0
								0
								0
								0
								0
								0
								0
								0
								0
								0
								0
								0
								0
								0
								0
								0
								0
								0
								0
								0
								0
								0
								0
								0
								0
								0
								0
								0
								0
								0
								0
								0
								0
								0
								0
								0
								0
								0
								0
								0
								0
								0
								0
								0
								0
								0
								0
								0
								0
								0
								0
								0
								0
								0
								0
								0
								0
								0
								0
								0
								0
								0
								0
								0
								0
								0
								0
								0
								0
								0
								0
								0
								0
								0
								0
								0
								0
								0
								0
								0
								0
								0
								0
								0
								0
								0
								0
								0
								0
								0
								0
								0
								0
								0
								0
								0
								0
								0
								0
								0
								0
								0
								0
								0
								0
								0
								0
								0
								0
								0
								0
								0
								0
								0
								0
								0
								0
								0
								0
								0
								0
								0
								0
								0
								0
								0
								0
								0
								0
								0
								0
								0
								0
								0
								0
								0
								0
								0
								0
								0
								0
								0
								0
								0
								0
								0
								0
								0
								0
								0
								0
