6158.0829438435485
5740.241364594269
5079.3581038342645
5032.658330649198
4855.447135094409
5233.828124839043
5619.678372104393
6761.082912652121
5667.855716208221
4985.106788121011
5135.28663634115
5173.545348100848
5603.811669802223
6117.69720963182
5702.6047362190175
5699.422044494964
6101.654759374712
5466.261071271841
4794.0417372708525
7653.697049042361
5878.029559570869
5087.905707630543
5470.464651410172
5554.174806903236
5679.946113506736
5904.8399159922255
5094.921490468844
5330.085621158686
6725.492418643926
5594.459847348698
5160.865365060846
5834.871840085181
5658.582626858179
5522.655611774332
7254.379133044277
5400.740698364001
5717.894324788148
5554.9697119468165
6571.903762275368
5928.292766204154
4907.917612561169
6007.994027671782
5031.774679236015
5687.005616732496
6766.464631189424
5062.8146668840045
5842.726824012116
5861.857000486363
5557.65586737814
6621.46603039622
6255.3444166486015
5681.0362563372155
5761.191734456834
6334.195278590656
5826.073735188157
6238.215240182832
5622.702519732923
5545.446284764511
6191.813945733957
5936.343245363342
5397.992726555455
4672.013810905333
5062.10500303671
5081.533217764419
5710.7846711369875
5782.718214999184
4518.191849338383
5291.2304049999675
7642.63964734254
5764.544662376288
7170.1444449478795
6418.764629262222
5591.55403163617
5061.013254440874
5563.130606261621
6771.196955648841
5191.326878447939
5466.191524767534
5477.530612338216
6281.273269244472
4999.629060969991
5421.1061229968045
5464.99825639122
7305.0251219413885
6163.216029818432
4693.159592173144
4593.138021285576
5921.546589755507
5420.372200812265
5406.544205135601
6749.888709447124
5825.041595558522
6326.684871721306
6144.232806833767
5524.293760191355
5288.471728941498
6137.5398246719315
5764.513400348605
6480.590632307838
4997.481049165508
5617.633878377624
7777.025539984484
5436.78929263304
5375.600602866245
5118.351587320023
5247.410027363025
6202.798880979979
6222.8194056188295
5604.676390042363
7559.859834721615
6110.403184336223
5450.406565549683
5777.175045872494
5634.865642462893
7504.218612853389
5529.800483046689
5527.304643551251
6278.562003727434
5292.643908375548
5600.158574614551
5473.721779710015
5703.329357015103
7208.05385127688
5570.965297787573
6130.42612097079
5429.850162763058
5801.299925331116
5864.685409872771
5196.330959486323
6166.197106980899
5033.565732547782
5830.628058770709
5680.08502568084
5233.625328729257
6033.048936881627
5733.566504901799
5624.9048608984795
5471.05775030563
6201.875948486392
5631.851157360639
5488.705154720326
7016.189639967437
6212.113626482208
5660.202589715264
5603.13962076915
5183.739741376132
5399.864802995897
4826.905318527122
5652.711476675034
4927.74799660605
5548.391312020197
5914.276151591161
5487.740691402048
5814.1872875940835
5665.1720022757945
5588.607004291876
5883.616457250278
5795.697911486356
5722.491679062775
6470.911851270731
5719.754452156392
5586.999452248483
5258.444728930533
5437.048187676861
6599.091501659496
6073.841221376178
5538.907471773849
5835.342350904876
6079.420114116073
6152.232477870513
5097.645828896313
5304.930996146709
5308.352779516818
5538.380599020559
5885.144977507235
5603.479401021735
5474.854513210355
5025.05079742483
5728.138311202725
5209.713609746242
5265.689120964452
6173.605525269459
5473.342767340626
5235.800211193696
6307.126491394763
5981.2654779019895
5217.48699116509
5483.079446745052
6064.081275381418
5596.398331431882
5841.049082376672
5372.024168449087
6009.51297475336
5682.544775961846
5821.648454308974
5277.696921905606
5923.200995181448
5832.518806911292
6170.597631285669
6584.818767009183
5841.562264682765
6353.801416120899
5729.806908430213
5822.798773496633
5342.692978106331
5220.376135350189
6509.8967510346965
5697.906764823173
5260.411461368042
5528.997038634663
5038.503446316837
5426.553704465882
5710.334352299959
6089.956870897231
5533.576838099805
6596.291862565128
5387.385270915775
5511.714608493337
5785.5679645399705
5430.330081352188
5390.4589843343165
5579.258762512301
4786.732349016276
4603.967419652802
5175.9004630829995
5263.190343847404
5334.213574470214
5572.98621378481
5114.4476726125595
5944.415284852907
6510.536536978925
5874.653168381491
5179.38367798097
6415.938536055771
6039.375496937411
4921.465747486988
5733.033858850257
6228.692593185593
7557.174450407311
5732.420561983778
5612.9937795984615
5572.310527843269
7111.749365490505
5302.724779384452
8469.222251471834
5542.485112183303
5486.817619119545
5483.292955652922
5494.234807470028
5535.213826527764
5280.879644190638
6104.446875519929
5486.786618272113
9268.395500078288
5722.082380805283
5588.882521438484
5717.9548785308025
5400.4455266157365
5958.587611780176
6326.03543918485
4872.548582448035
5249.838071941444
4902.133339108083
5378.10623025862
5679.1685002152435
6086.680278742073
5216.722643649899
5449.6727161237095
6316.682094658755
5860.788901843352
5344.778528162654
5725.028555865653
5555.807381412593
5362.669805470488
5891.903750564058
5218.195816165228
7054.625947145921
5281.716388805647
5622.007128244733
5894.820552397651
4801.365947822024
5397.259251986983
5084.420380827326
5219.6019959666
6292.093141407546
5537.1319717697215
5591.810026186631
5275.260849219695
5889.957308257732
6718.628056687874
6299.8481461190495
5469.067055264866
6169.3927862438295
6715.456522860806
5546.201652661296
6259.859661943583
7627.2198255896465
6185.430290463676
6000.3055088801775
5241.23133856313
5646.950253186081
4967.493511272061
6599.724678680678
7243.6874096494785
9415.994392784813
4932.100892669639
5819.923204981009
4691.602565747621
5242.613297761326
5290.203998126859
4905.915905621986
5673.704821985135
5402.623273942284
6161.428576916178
6045.354813870284
5617.417982440257
6073.3285104141405
4997.558918360133
5811.731431329466
6058.687620728179
5909.76107252916
6153.745800997109
5333.036285583183
5768.915592455678
6170.968091820551
5760.984868463217
5909.490911969906
5338.180007297246
4031.9096408478244
5866.282263090585
6821.544571248834
5455.705405331882
5814.194028994288
5878.353187224966
4867.681731634675
5484.033884289363
5396.561779787699
7462.525717499022
5798.754096276888
5288.275411863907
6739.613076825613
5290.387593928449
4916.040366855941
5914.4240568736495
5730.972710887395
6163.589861980962
7000.034784054875
5617.644418328386
5839.340157956719
5537.677914512521
5946.130392926779
6217.886272704497
6285.863403002439
6201.951184570282
5404.641232782684
7776.912328057443
5201.176017854296
5950.87161800319
5750.520914452651
6472.649454911508
5046.171260250792
4968.2917173997985
5496.661621044174
6020.7755710572155
5564.641705722867
7935.8197014930365
6627.545660947523
5814.891490987851
5105.323511696123
5139.351344939112
6190.488586484894
5701.645808071906
5247.756654090046
5705.595312077821
6337.331460707186
4154.077950731242
6402.541413835523
5333.989633575228
5925.439470599302
6204.706400464371
5211.0875528616
5489.895254083611
5745.580774504864
5592.968899091994
5387.368879312707
5755.810451341638
5762.1076717631395
5677.656401150303
5100.940632344328
6206.350492822988
6131.828969759942
5335.936052918546
6444.0427433811365
5797.182977652447
6357.076815330912
5338.563594761428
5006.970142369999
5297.086980967906
5540.276762916381
5460.849501415228
5574.332679913803
5932.551564894251
6873.870175627493
5523.594796599442
5714.0638377349715
4881.043179224495
5695.930546669894
5365.793474972814
6096.625275155103
6041.6586248483645
6167.375482954762
6441.033933772958
6155.865414050115
5777.929825318119
5271.326262437565
5146.741735861226
5764.314467050231
5164.902403373718
6197.336340790688
5080.125143568028
6068.701691985708
5197.113582088955
5785.670590860475
6520.874648768078
6042.5648013677965
4657.815644783363
5814.466272155517
5681.774873005625
6050.737935686064
5672.02483332342
5987.303220520777
4864.762875892116
6088.008241136251
5427.882464492006
5136.098080388782
5067.807228837293
5953.41247642397
4542.377058649743
6428.35645531951
5998.331765953214
5934.154109162062
6009.797618819659
5335.283176800279
5451.546656003611
5520.923387520637
5859.395720686842
5652.699142364109
5232.558820897405
5380.759646769675
5313.981919203111
5727.765098339813
5299.271117514698
6208.07203956083
5583.028056437093
6231.189312007298
5280.042452753269
5234.098437285946
5365.274833257528
6303.107442411498
6105.662113318799
5244.204441406977
6185.472732031634
5232.112007520871
5283.241911543509
5540.570888971198
6121.13104820871
5232.493637328801
5399.194506637726
5916.530579022434
5633.180406396688
5557.337255764545
4915.240834509051
6659.489636833755
5198.843915142827
5559.603360126449
5532.354553908336
5856.024497886527
5582.788123551425
5071.423545416033
5130.248980725946
5304.777767536886
6396.272054157935
5191.052218333744
6322.831762437475
7517.259477727279
5771.152156073709
5654.737868084473
6209.18742831289
5629.815143595148
5895.378057129543
6276.302771307883
5294.504493850323
6110.812644543892
5353.550864365492
5081.759951177021
4933.503075196716
4889.493768867677
5331.412401820229
5706.98067605404
5679.92876849254
6058.183726536924
5383.162345332254
5593.736466062653
6734.718053413233
5185.495475828165
5196.454925790261
4969.339496161606
5546.917232865081
6149.823631297419
4909.811937146404
7794.153414692364
5853.143032427902
6463.926774152905
5627.695275492273
6173.5900937032775
5423.370870710523
5467.457822341205
5616.925127018197
5250.354852838052
5519.015413992808
5375.569592517345
5922.694063812288
6776.643981141208
5555.6937788363075
5967.2407529553475
5932.954807621083
5824.929628517805
5886.332553726838
6204.810522229398
6107.247208058155
5775.379024948811
5755.29013827707
5211.3608906322515
6586.37338747622
5944.090936536191
5485.111132556025
5881.139108293137
5978.676756304543
5685.989810980136
5309.1623039425485
5867.531772769429
6602.81111378975
5628.114415389444
8858.108684219775
6913.974658407395
6091.0883669367095
5857.718767166536
5232.835787951517
4881.874028649668
7157.73941569459
5652.83839121292
5498.27555278875
5308.954726950306
6187.534714674541
5453.658089585792
5443.021152659174
5199.24017928151
6068.848033900969
5680.326061980505
4835.5406960223645
4909.32759452927
5763.367147090952
5015.386554657959
6146.6592427453
5814.179316535051
5294.989775041264
5252.003800386536
5651.103098104348
6102.980360238324
5337.1501937264475
5501.804475951032
5946.528207064069
5247.569042595862
5470.065079326264
4910.249197535137
5254.013572615787
6382.476743597523
6087.927241490395
6404.455487307217
6136.097371210073
6181.693903893391
6317.330999236796
5901.903378485612
7837.9384969930525
5583.906665796406
5841.2370147297215
5773.488166628908
5391.075743088181
5191.0808413314935
5564.721448868019
5664.369772941444
5790.041417671744
5342.919531267441
5441.79920446525
6033.977145726143
6598.214314710926
7718.451818745315
5649.338030945748
5586.455240986407
5536.935558881173
5674.129884341628
5789.011045088909
5413.6075213083495
5334.45291716654
5921.647692545834
5710.117476114575
5766.804661354793
5879.177314137364
5195.743048436413
5456.366598924366
5672.3355346610915
5285.1067766364895
5645.793452394559
4881.989399746065
5526.6184039300015
5784.7112028635
5822.5354540660155
5639.852781689946
5276.669094283134
5184.876527037618
5650.499050917606
5738.570787622843
6134.86978539279
5299.917305717364
5280.058050366655
6153.717710062904
6508.7168230098105
5698.932933276614
5940.132265398613
5546.749035527785
5745.491520554393
5547.90499080262
7415.757783647659
4300.291877926905
6513.519305133219
6910.734217440551
5518.592976016926
5557.585610032936
5987.7470310697345
5970.068545563827
5276.92233691464
4979.68265769744
5587.322610340251
7514.9448185362035
5637.165799302561
6167.839445858107
5206.1587872808395
5732.029098582183
7553.51613472542
6302.174196141706
5622.703162097998
5532.605351416944
5876.607835663388
5596.24060558746
5991.912359828844
5185.052234135628
6089.114557067476
6215.2029368573385
6878.645142716673
6091.814685447252
6152.635398388656
5192.224260654789
6278.382381582083
5476.950490346969
5728.982801615735
5447.706130244241
5561.801116671972
5181.256937770562
5986.828273787582
7043.770450043434
6788.850078856467
5899.9502985482495
6122.985584228226
4779.410036419679
6555.0749970251045
5997.74576171952
5739.804804144783
5747.555876747701
6002.904661475188
6461.2767345695
6128.25841946909
4857.075100644294
5267.131240475095
4949.478435926477
5481.6830163635395
5618.34488790276
5530.868678781103
5939.300685155565
5732.537195741522
5894.074178263683
4881.136542479794
5469.565960922394
7280.25672875041
4941.409271549899
5570.435330226152
5766.967955661154
5273.667057012456
5363.889285655837
5556.929031010697
5872.58518583992
6246.755123043026
6257.582558902157
5816.973749237497
5367.819203044092
6062.938502042959
5293.539063700207
5755.162625073517
5976.676702079552
5450.196169511226
5717.959479787364
5684.199058320688
6464.08894801646
5551.798018630587
5383.339978723223
5293.336602570916
5379.136403471917
5856.773273700499
5843.574863363383
5480.4247269172665
5546.723262058659
5278.499225739871
6620.165482418651
5480.426383096852
5121.683787293423
5841.375888707477
5581.684980536212
5176.332228325164
5595.11759712449
5431.219430627973
5390.076609471801
5424.427011215158
7336.9718146309715
6081.085461101328
5750.66541264787
5369.624891264903
5551.368899835201
5190.90241070595
5571.869196646987
5836.716292137348
5718.102055213318
5346.175804377195
5403.046963925176
5808.952048521544
5964.118999846634
4950.07612739943
5438.163008945115
6478.510421569508
5716.566740134843
6048.294705107921
5581.231054001451
5217.787447094931
4991.831057839342
6110.937322974554
5832.247897090175
5719.506946880119
5268.371661268965
5551.330495671347
5257.929305860515
5584.431174664263
5331.144445526958
8170.977240402719
5919.331632501945
5662.906609527788
5024.575683250758
6007.059657078996
5498.176558505618
4642.159009161081
6011.2459223417145
6454.674049346415
5675.0962146447755
5961.854013561403
5533.729109492513
5484.919880047987
7140.8972552623445
5735.208061833093
5433.82031347381
5752.196420776649
6424.050348710345
5574.200414917227
5861.460769110763
5761.095698608187
6797.175389068109
4918.186241847183
7143.3254473160605
5506.5599621743195
5611.160950098065
6524.168858549403
5417.539780502424
5107.772196026624
4927.927715762939
6268.281243345378
6084.196396473698
6096.534832182951
4920.963380276453
6009.037898148638
4893.22622101261
5750.876070354359
5154.703400858491
6011.3205419437545
6949.928758306595
5116.729820512196
6063.442871850331
6323.690595881176
5637.848147729151
5971.879603993158
5578.186484543442
6103.490967790023
5490.639793321076
5085.739396365165
5377.283415904524
5238.037207433243
5588.126680611311
5948.635437662686
5649.495615067666
5888.151136332275
5687.873821236935
5957.509612343589
6678.621574661611
6015.705274328611
5144.882242376313
5360.777725962876
5610.476206743234
5040.248461494966
5479.111450842963
5573.689599534715
5860.254185937627
5437.665279721354
4932.816211526525
5811.7960688559315
5060.488445387945
5949.808568938394
5969.819686337728
5578.404449081399
5006.766874370052
5483.677982400049
5543.289235541357
5045.8866135664475
5245.580970834699
5535.55612460684
5809.482258366426
5558.249746626605
5563.461458712238
5008.802268543964
6208.778028902808
5294.682139347448
5722.507038116366
6025.080298772679
5662.372182166793
5323.134109909635
5497.979896472231
5308.399251918094
5460.685982471468
5232.093891725982
5238.5644123433485
5398.6898213335435
5762.71157000859
6336.461622317817
5405.222983440973
4977.190767998603
5907.650813586732
6114.744477575624
6095.883080246888
5498.524510947791
6111.98389791888
6200.193516296808
6042.72295707544
6445.1028621217665
5660.106880043795
4901.301974207547
5340.407424275573
7427.3942662079435
6326.13498880988
5603.420022849313
5623.455026692641
5410.776055643774
5107.514286996695
5583.44898506498
5804.036632249649
5831.291543903272
5304.485357524697
6282.090497337384
5605.848071657797
5742.029505685009
5421.408622570647
5551.91925821393
5476.819264001927
5896.769686897716
5217.814536052726
5818.238593524532
5616.743768262989
5586.427440337944
6150.963962166898
5684.845827742375
5662.605457842105
6205.384879767843
5889.1163932321915
5449.895706508013
5694.55347733005
6323.504166123239
5894.27439528624
5266.937911850883
6606.353932817525
5537.853940681037
5311.586618677569
4963.140775724264
5746.114383424763
6361.144709426556
5368.098672259324
5518.5639574336565
6727.796815852956
5506.690197069839
5611.032291783587
5717.241906715987
5054.546592795558
5178.98791794759
5233.560798001204
5612.014687856875
5936.687770629965
4746.422751834702
5301.285946630805
5428.595186288235
5667.259911109578
5775.053236367756
5704.659376729144
5613.512083971193
5739.814634202098
5204.722006330612
5827.8234739074005
5440.434414669135
5632.976696092724
5466.011239484861
6026.980292570556
5170.658151323147
4871.295710816552
6248.61153695207
6080.602690226508
5247.940357196553
5154.861186382427
5172.023266748831
5068.6318594909535
5447.368406328328
5707.150527345202
5240.885058248146
4912.62377203565
5716.08052702156
5292.649265894671
5314.647915153552
5233.098387574154
5530.400961992852
6071.055826217272
5748.614883029256
4956.695420551601
6338.179661408387
5926.592237315496
5523.059174646931
6829.610054495134
5415.079130899397
5015.950529937387
5927.926342770995
5508.846341897504
6414.8491604691635
5514.69041130681
5984.781466167919
5607.800430033184
5304.506936499812
5357.743966731519
5172.633359543088
5457.169320888105
5887.499994436511
6163.6585524382745
6437.4738487660225
5194.262178658325
5622.302159441871
4965.655588750505
4990.046354779585
6909.98156272898
6519.144881980411
5150.003463004527
5891.258134011246
7379.575051410912
5553.723401261666
8229.465052052858
5648.734118778959
5168.7137127207925
6460.280135805095
5063.955552458814
5140.021711903333
5205.0981499577565
5625.470455872791
5770.245765638483
5959.006691371195
5292.554105594208
5467.268795966007
5310.295650248158
5638.090613736088
6656.611350667306
5696.656822247593
5711.755500305222
5938.775747468823
5159.946783023911
