802.2026687641538
811.1920541465204
1015.476474733854
716.6326965506439
767.6984564698554
688.4649840952256
830.0396164378078
773.1236057955501
831.3770925144355
702.3741258956027
885.580332010949
853.9965221002359
552.5657990698204
787.3619603203565
781.6123125821018
674.4583464804903
545.2601836169441
621.2946089735653
805.8527517041568
652.8063504747547
684.4932682962395
1082.6347910623301
671.2994081496591
741.3385261787578
761.7298596681302
943.3264693025129
875.7088713296229
652.2612306470202
630.3300068651426
770.4198754478128
842.8381872391204
800.0062826831088
702.9137794697702
669.5378388769576
848.4526800244172
844.6692601311601
774.1393542464451
706.7446717834316
579.8367556936748
768.9718185474165
743.8817663058993
618.3195266640766
712.0206097496441
649.0159500867479
657.6360762845762
973.362818134542
631.9814458004016
850.9062406961235
717.290895175913
771.5513193884702
671.3099673174221
913.8862109682299
711.0022158836929
796.5400303045349
839.1952385243286
666.4973541336102
671.012617833198
686.4999553886017
885.305905751183
758.112115563031
732.8287471126403
817.6965939859755
797.2463378059697
588.8279340664977
879.6898509163282
843.9090610117375
850.8690701700891
675.8754901643256
667.0779613215177
592.0584502721256
775.1513003332835
755.7118808772641
615.5788670268973
624.4671385135493
687.5619260823931
637.7338481192911
761.3663472859014
818.3781978865056
912.8448160573959
889.5205687814321
784.7370327094646
746.9585098232847
749.1748997746693
887.8963147628987
631.6098710244413
735.3189601952072
827.1998022137294
769.4439808656969
802.9796967059804
846.4208463349739
738.0708761457417
1030.9152680632296
858.9982229190963
997.0180312338074
948.9805348886705
772.5738267765499
737.094672952991
916.5927004072691
785.018220993608
800.81634005978
905.5381705006415
559.7502471087148
772.8374894135342
623.094839464854
853.968618930579
873.5886938415092
1060.1797575382313
931.4618314204405
805.1983222319307
928.8438346646072
772.7141775825502
643.1849462591933
673.5665760413777
687.869576638301
628.8361493155205
832.5980426169507
758.1684279766861
608.286734382531
936.6198133793113
717.5395573821078
605.3540569985679
587.1232858206372
765.348288417284
653.4049092894859
808.2263771884525
627.9562675668847
747.7030884301537
684.4327087324751
717.6676425681648
776.9050733613059
934.9065711072327
812.0873272001053
789.2825611081079
622.8273783546443
751.1194828026449
700.9232210753258
844.2465041083218
926.8936968608771
627.0812689147008
612.700740928432
760.3919739829147
581.8006120614043
680.6369820529928
830.0571161587139
609.6978049750932
760.9176605836278
833.2945685362274
663.2302229198002
622.3366679966593
709.3794874476973
643.4104489319494
784.2346948875647
690.848062077909
757.2040040796159
683.0436192534391
867.2805169969153
713.9659081724981
654.7816084981688
517.8585836304349
761.2528469905694
710.6825519317713
725.8709473781905
852.2465331237199
800.0466092768274
851.2389242137447
815.3857052803521
854.7264759841557
1062.781984325024
619.6505366854371
895.9652276567435
814.2862368069652
822.5494333204633
1096.9526045913308
654.8792040215102
845.2807689433656
845.4478678675932
723.0106768757028
685.070519160381
691.2936873418181
701.6513274288264
677.013827474957
633.5897726266287
985.3537341826489
737.3913545528451
810.8278828893796
760.8380421365731
1003.1577561706424
706.485675379671
625.4007482411434
860.4992514814403
669.785763803511
670.5773834233364
833.7877663446546
732.390041256404
631.8075339785347
676.7248304143707
630.960800245251
730.0292929030019
735.308250949515
615.7147548543605
819.2706402439613
889.112264484809
751.3091873724813
668.8129930948252
745.1488266256105
667.1572434731075
895.9018408843882
788.8550417737923
634.1650399383307
783.499305337584
967.0588950815705
879.5043227969004
683.3622192608854
762.0450810295459
951.3707736916268
680.735037193283
837.2268378850703
662.9812646651685
697.3764755061927
662.601784477474
817.0268137815077
684.965107225411
667.3719154431769
718.2522900296309
802.6855644983484
727.6479237664897
778.3187024346543
907.892325148608
887.5979803052826
682.7756675596148
828.9593429626055
903.0437145914094
941.843206587436
751.3918604068172
752.4451718031438
687.0811383369011
764.396146576992
1008.2646049259539
850.1936029505994
843.8830410305476
751.1394184428914
576.7298810651567
647.8155354593888
818.4373645178541
630.3469619802792
787.2348308348056
599.2428834157689
712.7155051185201
796.8960273627866
622.1286361842085
687.036461444622
626.9214146871802
700.7646324666288
676.1134492326756
825.5712194716793
683.4550081851089
721.7719527506559
739.4710299060529
981.4485141496361
806.8093518028876
891.7161062873773
845.392214992207
765.7380049805535
781.1375448248995
767.4977623702822
609.9590631323113
851.7786792739465
664.7187825262143
618.9217900771208
754.5069996921411
584.6137912745775
738.9675607436856
904.9876216088225
688.5086941005234
669.2819450700092
512.7645988437164
567.0058363823389
660.9884111909653
591.7444289670427
1005.2495977493448
903.8511544409375
1024.8504272932366
766.3425783076175
826.6184544459893
950.7875480859043
779.6127988275134
931.5628245653054
880.5594775367553
756.5844774668931
629.5962454933439
754.7514692115692
832.9775276006729
762.5858242788125
841.5642482837353
788.2226416730325
698.3783211419959
761.6650714377445
803.1825487048706
1084.9410384676187
522.0907504129674
778.2079527762493
759.8453244072723
934.2728257235334
778.2010822472952
672.3045186203956
755.2061318583395
907.8725195502561
889.8859488580475
665.1771014705483
793.2721902984285
686.1239172952469
556.7381503357983
682.5483068352693
695.3501761666334
680.3459065241182
850.3775071765618
774.8754712066145
763.9537927926125
762.1697661033081
538.5099535872314
855.2700719283955
745.8000775947535
702.4670810953878
671.2929389446074
757.5235897021397
687.2091255580777
798.7927587519123
638.2010289992031
885.357218279793
909.4488904037573
626.17174451373
722.0123985680156
698.3546008505112
576.288953994856
666.1375515426042
710.7169132805159
557.3959546464426
787.8027478108801
795.3654480638226
641.9002583107216
746.2796221929863
708.9658716916838
721.3036902534571
786.9167276815399
900.6307040645212
849.1520512160533
759.9821886464308
835.5436196690307
951.2323075154354
1056.0984460258026
712.1091984625259
733.2222538789962
663.7650124631332
675.6161687380928
941.4552446515992
718.3139968214838
823.4608094722943
789.543170458159
776.0385302740301
922.7899944061486
864.4797398957653
789.3003450214354
787.2653116096382
598.7783762957739
860.4596513125169
630.0030869143897
782.6028299165223
708.797345552804
984.9567264977707
846.9494312651361
772.6048278671924
878.0133192690128
753.8489353157368
833.7031702653928
687.7831201107751
634.5719889711979
811.110662418673
725.6419285889032
643.0791815092377
1031.3961829628133
784.4285811231396
638.9780053724901
896.5570538248385
963.5012017390379
834.7716049495419
783.3084740246172
538.5729379753363
923.5038044424753
888.4969121095046
850.4763467210657
737.9953981371709
675.4093318768587
602.5547305677687
825.685925825499
966.6825789001527
759.7516936786008
798.5676616758738
754.8828101379789
729.1321901637368
848.4694462034527
794.0604867860246
679.9209055454882
732.5906254519668
888.7810899925314
703.8739661155282
666.7287788242435
780.6240105805912
1059.8304199790173
839.6951910317631
905.5060217224462
667.5851152343369
772.3739811139569
629.2796397688145
793.4473017795796
844.8232384406107
668.2417717911985
799.6913773277314
579.3266395789032
789.1742213433223
996.6901940032997
757.8609569847173
1032.880829316643
804.5255525217692
642.6833569403641
788.0140461075413
941.4110365592468
820.8184656240251
818.9279964583517
996.3293210042974
898.7422950516329
773.9211761888963
777.7914748005492
805.2089491945396
730.62770402602
850.3698698784135
767.3809237974003
873.0100582818179
739.3417023957768
877.9249166767372
906.0019777024743
727.2967313233614
660.679649269091
705.7891239050422
752.0301740656103
835.2907037655858
653.2587847478176
744.9289273601842
708.1159236705192
773.2496820927153
931.6632680630605
745.4442746425236
786.70899617127
885.1844911846018
681.9481324246383
748.3516755080882
638.9268846333557
715.3608178396561
705.8681559221875
950.530568319323
570.5270373301036
901.1960271499314
929.9242252244073
640.2863114860268
745.1078732476587
818.2354040511361
664.7648728816339
780.0746772627452
753.057927894956
959.0464096272246
628.7850492250515
610.0441735546631
732.2133870242478
622.5213398574622
708.1351816626567
697.076809281024
884.9836754286707
719.9655403510143
748.3899842127054
652.3327829514612
713.3250679450585
665.217608772251
702.1124900587333
708.3602290542444
710.2425438893795
655.916342286969
773.9486387081512
672.3693845335127
787.0999039946737
602.6374171985967
817.188840176621
951.388046277752
695.7742281703588
715.3310187279404
633.5184432684028
814.599575639705
718.1535323004432
673.2312526019269
703.6318407437759
762.9917567884048
610.9397492546799
757.0935578919288
845.5893443144373
606.3445046358669
953.0458720272349
692.9252434994198
737.6790768946859
697.7346611460579
850.2054108662816
625.9648117743889
776.674868070156
750.0814639818092
631.5313207956298
869.0222866989697
624.303031318384
616.2847992874842
689.0881727650668
761.0193889928988
706.1147507057262
707.3480511923551
708.6019701999106
929.9329623090659
725.8874788838858
780.8367196860769
709.7371590533263
817.1199258359793
883.2724843163504
1153.8076772473269
713.3834747012783
698.6694847097281
769.7114763382649
884.1020723020151
703.8296701537301
826.9767094521233
721.5946662702174
766.9984988629182
582.4898627851394
888.7397460790058
681.950181768455
622.6224345333509
729.9469059375955
853.3667936220047
740.7115777245428
815.6666234103392
671.7025862978804
581.108433706846
685.7375123876252
631.8486166779707
513.0323441673034
777.4900789821229
656.2687209230486
640.3729974086004
726.9506849873627
822.686689201921
929.0957795152459
850.2366371955853
729.9018894459325
773.6796059617836
664.9932064876658
806.5748164925321
696.323385661761
882.2830007326854
858.614038017513
682.041527721816
694.2524935086724
879.7090771816061
792.0140386270007
708.0995697642355
763.0875303361044
661.168313968167
728.0525336093659
736.4785950147956
837.6257666244051
739.4725448190987
741.5821028971341
628.2544184876298
713.4196874917849
921.2707671770114
820.2424460910297
780.288838622225
920.3428115919293
792.1723101343348
634.8576675628902
683.4750024503409
937.450307561744
885.5597540375634
1130.800364764406
756.9997722521889
895.4389927372017
972.016696323071
856.1792647095539
962.5302931455914
662.1367604038326
618.7900131979104
637.9767981191661
689.2705766456536
799.1450395577432
690.4484662223794
643.8394735136385
713.7997215695331
708.8323743628874
693.3755433439858
714.0763124921814
838.4354353483185
769.558619938029
654.0626182088333
969.8854999699743
687.0434629549565
710.1256350651704
799.6819652214701
801.4277536151569
731.0516275297557
716.7913534351392
629.2003875906031
856.3165655642108
662.3462199919996
662.6630319877517
498.632825495943
825.6040477690873
996.5505233913673
677.9898220905283
703.3945067245835
828.6907427100663
836.5235574439623
707.9245220976105
868.3823578836192
553.54685153839
720.3968130558582
764.2132114280186
700.0414924224599
638.7784730630988
670.9027812497811
1240.4779166342498
757.511387806768
772.71426277403
833.1037563247795
827.6997132038393
568.7766481213134
635.3681668454673
750.6256742226566
834.8573624542371
684.9470380981429
705.3133402326353
489.0223742211709
647.2595296787571
939.070452422726
953.1296892066415
724.6121099146392
660.6086610064941
768.7917408798329
825.2779689381573
1048.1123283459706
673.34820241559
695.1526481186418
848.1287574447748
797.9422925504459
704.5108653636642
689.5854136368528
1004.1028198513569
1113.451150087797
705.2004458244204
584.6069546748579
625.0237219771107
796.4597085242126
669.6685340302178
855.1338925271203
589.0722423076941
767.0547438930173
1030.873165325976
702.3308865157157
884.0073196541844
878.093953040621
787.5838405626093
814.3309498437064
780.3374257758735
801.1611436861712
784.2188561660537
692.7445714611503
1061.3431193110696
713.3952522265884
885.6650790175458
542.4795791163458
596.4572098576042
866.3897936630515
651.5013100044722
766.8616444500612
771.4621899617028
692.7828206681029
883.6825155988546
789.1372745467629
700.3655590974658
885.1215559547971
792.2187687626475
952.4103697154067
595.6228384862009
735.7925674788538
731.1345724418074
892.397685557398
596.2105128484347
669.6267019886445
721.0462662556619
875.0177229568179
718.5575375394552
524.3062801384502
638.3469717846152
800.0313979093125
740.0777609424505
860.4965748829845
721.1646974439216
910.87247317294
931.7665729318117
1152.5232268756886
889.7058517784349
742.4974500808303
738.3012503323179
967.1095155718568
690.7121017542622
954.5617869694836
776.1945157012287
929.7146333108277
920.442967328541
1089.862353489112
802.3093989744891
761.0595779961799
737.7208447701785
848.0058565631787
652.0234867533856
665.4485944349957
751.4860662455404
596.6273110141703
736.4453981112187
696.5989526477276
609.3888018902853
798.5419849809466
794.4688870548281
791.9717436659656
957.2034621100801
784.0394241509904
527.7708034931954
908.6692106920422
959.7786358926181
590.0666195773713
934.805327888981
822.4610436312202
620.1126467026195
843.0532192127523
541.8285923835435
931.5733127826493
674.7929727681075
925.5331466970509
644.3217297665042
1072.4104069991483
922.5801421631894
707.0337716435068
534.4013421395758
659.395589106747
912.2786660960468
1080.0500817043696
732.4310760773732
723.5895255408576
660.8976896332051
697.3491789025584
803.822518583164
650.6811742482538
709.5087892788227
753.6142931102278
822.3347475416203
844.8179231485966
678.9932576284975
770.7843918448748
590.2158416395333
638.81333387917
701.939415401793
767.4607931038489
673.1367608976493
865.0909772891156
545.4889029191812
848.05749180891
933.7033964574019
607.9333727590515
625.2132221692846
654.7092101395068
878.932688298208
527.4519625862116
536.0579111480826
829.9962167188113
745.908744217513
695.8397008735902
710.5184484470232
601.9298695855027
954.3630158102781
734.1464008102705
801.7480143944841
635.7524296505188
908.980835913134
647.1608923514962
864.8860952169167
1143.936461310824
542.8817074418929
750.1143753847939
1053.7857495772405
850.7808332597369
892.1290804082075
948.9593883346396
792.4665726004299
700.403024322307
652.6901882764981
732.2508811133633
694.3305083122852
878.3066738299918
596.0732069453164
693.5584126122752
540.9719225601042
649.2370751877324
720.4226978946326
784.956697918662
772.9503256266858
761.1874658771477
677.6511774402265
694.1847784550696
911.086498221951
1074.029331096193
808.266753401212
939.0104954055603
519.8669217297979
775.9187280925479
843.1712131441161
791.8634705097377
646.4747050945251
868.0439130422717
738.3490188113168
858.1074250302387
778.3541285148568
820.1418792623451
684.6108739618155
761.7674928679368
777.714303352217
676.9912279032638
765.9953414235861
566.966337366055
732.4304996589193
856.857230753866
700.2401140765993
718.3193925959652
965.7417394378942
832.3493677859477
792.4923686632943
561.3700207649065
758.2905692439542
703.2602019076805
735.1842710237379
979.6042810972249
861.9317251074965
847.3805898203615
729.6227595168871
651.9942481633151
892.3992813408973
845.2983530658607
843.6778646340528
748.9549996890023
745.0686123378366
643.725784363678
769.0229598827864
735.0755036902416
607.8305858891172
811.3663808996274
686.7266686385504
758.6095185397373
716.3263271935388
714.5588829186863
956.9609316235851
727.7936962079275
734.6377718233172
917.3828789601697
759.4504924040625
602.3930060319917
801.7635497765017
897.760925267569
569.7553583572021
859.9412838898718
685.8242520569761
739.7357726626743
833.1917752776774
783.7417342392514
633.3530042349579
699.2925670262122
642.7256532519687
769.6766536897342
654.0545418155322
781.10214790679
769.9423452125162
713.3249451952842
891.6063557190804
661.317262693494
854.3466853048733
826.5314803910306
713.6573329021645
557.4195103458221
760.2707985733838
859.3366258208528
778.7296532670014
660.3334609713056
691.1372699839201
492.33437280854326
539.25990911867
665.3615827106
776.753542671429
729.9586178654108
654.4462260454907
571.7988680346334
755.6762239662024
824.2901835235972
777.4372892867206
669.4582557385437
1013.8308362145594
950.647543166676
791.1979548435502
577.1963024059451
667.6038514595267
665.0483150124256
726.6919852339166
1056.15492980153
683.7591444997541
835.7637890173232
771.4522361531041
744.459664100418
846.4569858593455
596.0534931027789
653.2211803067462
963.5109948013513
622.48935004695
648.4664470409548
746.0742849606025
781.9100474541019
775.1113914428292
882.4097707123217
754.2507170913719
632.4367236604202
503.749015355085
833.1555575586731
954.8166356241519
895.3058980313134
855.0541338168545
597.8679438058166
611.3515384302284
715.2671028865435
693.6249604213588
758.5654803895069
697.6611362670461
812.8353690249681
660.4052790442831
637.6638263847451
616.7875123417753
808.4218979920073
816.1294962198275
677.1991884199539
814.798650502566
732.1389178091681
780.533910866355
731.9635670461334
567.1463857673045
728.7698119121795
706.4631287222277
760.1989544890885
737.8269181911882
605.1157987276255
880.2047053450517
722.6022146915743
1045.383752596862
686.9825861748825
609.2293834684199
798.0354977205812
541.1121328576559
667.0141279175295
828.4684084711757
686.6028818600096
638.679244757868
572.9962592378589
876.5276039543165
709.5327150572884
577.2953760865857
842.0390192868738
599.6684582010079
540.6072248202133
804.2911965228111
595.0266373388066
493.6930615286748
963.0932114785547
637.9607084076005
779.013857238583
1015.8454803385863
672.5393098843338
688.7883186229769
904.3270320974514
853.7917032978241
831.3856350357388
1147.982365938087
657.6060554961466
604.3118657692182
768.4709034384915
660.8903756865157
