Dist	TrNo	Zone	X,m	Y,m	Alt, m	TD, ns	Hice, m	Bed,m
3033,6128	2398	33X	516009,8833	8548464,304	40,14337	1185	99,54	-59,39663
3039,6049	2399	33X	516011,4779	8548470,079	40,2247	1190	99,96	-59,7353
3045,69	2400	33X	516013,1437	8548475,931	39,55165	1200	100,8	-61,24835
3051,9156	2401	33X	516014,9023	8548481,903	39,62499	1205	101,22	-61,59501
3058,1287	2402	33X	516016,7041	8548487,849	39,69542	1210	101,64	-61,94458
3064,1255	2403	33X	516018,4819	8548493,575	39,76361	1220	102,48	-62,71639
3069,7024	2404	33X	516020,1682	8548498,891	39,83024	1225	102,9	-63,06976
3074,7302	2405	33X	516021,7188	8548503,673	39,89607	1230	103,32	-63,42393
3079,3783	2406	33X	516023,1817	8548508,085	39,96223	1240	104,16	-64,19777
3083,8905	2407	33X	516024,628	8548512,358	39,27995	1245	104,58	-65,30005
3088,5106	2408	33X	516026,1286	8548516,727	39,35043	1255	105,42	-66,06957
3093,4822	2409	33X	516027,7547	8548521,425	39,42491	1260	105,84	-66,41509
3098,9747	2410	33X	516029,5524	8548526,614	39,50505	1265	106,26	-66,75495
3104,8594	2411	33X	516031,4687	8548532,177	40,34433	1275	107,1	-66,75567
3110,9335	2412	33X	516033,4257	8548537,927	38,94669	1280	107,52	-68,57331
3116,9943	2413	33X	516035,3454	8548543,674	39,06606	1290	108,36	-69,29394
3122,8909	2414	33X	516037,1665	8548549,281	38,45473	1295	108,78	-70,32527
3128,6773	2415	33X	516038,8939	8548554,801	38,6085	1305	109,62	-71,0115
3134,4596	2416	33X	516040,5491	8548560,339	38,7715	1320	110,88	-72,1085
3140,3438	2417	33X	516042,1534	8548565,998	38,18791	1330	111,72	-73,53209
3146,3857	2418	33X	516043,7187	8548571,831	38,35211	1345	112,98	-74,62789
3152,4372	2419	33X	516045,218	8548577,692	37,75949	1355	113,82	-76,06051
3158,2992	2420	33X	516046,6149	8548583,383	37,90567	1370	115,08	-77,17433
3163,7719	2421	33X	516047,8728	8548588,708	38,03628	1380	115,92	-77,88372
3168,7301	2422	33X	516048,9696	8548593,542	38,89877	1390	116,76	-77,86123
3173,346	2423	33X	516049,9413	8548598,053	38,99793	1395	117,18	-78,18207
3177,8665	2424	33X	516050,8383	8548602,483	39,84039	1400	117,6	-77,75961
3182,5387	2425	33X	516051,7112	8548607,072	39,93276	1400	117,6	-77,66724
3187,6092	2426	33X	516052,6103	8548612,061	40,78168	1405	118,02	-77,23832
3193,2495	2427	33X	516053,5722	8548617,618	40,89232	1405	118,02	-77,12768
3199,33	2428	33X	516054,5773	8548623,613	41,76415	1410	118,44	-76,67585
3205,6458	2429	33X	516055,5924	8548629,846	42,64521	1415	118,86	-76,21479
3211,9922	2430	33X	516056,584	8548636,113	42,78351	1415	118,86	-76,07649
3218,2152	2431	33X	516057,5305	8548642,262	43,67798	1420	119,28	-75,60202
3224,364	2432	33X	516058,4573	8548648,338	44,58106	1420	119,28	-74,69894
3230,5386	2433	33X	516059,4018	8548654,438	44,74609	1425	119,7	-74,95391
3236,8391	2434	33X	516060,4012	8548660,656	45,67638	1425	119,7	-74,02362
3243,3129	2435	33X	516061,4794	8548667,036	46,62299	1430	120,12	-73,49701
3249,7953	2436	33X	516062,6068	8548673,417	46,82785	1435	120,54	-73,71215
3256,0683	2437	33X	516063,7403	8548679,583	47,78062	1435	120,54	-72,75938
3261,9138	2438	33X	516064,8367	8548685,322	48,72095	1440	120,96	-72,23905
3267,193	2439	33X	516065,8689	8548690,496	49,64173	1440	120,96	-71,31827
3272,0839	2440	33X	516066,8732	8548695,28	49,79879	1445	121,38	-71,58121
3276,8438	2441	33X	516067,9015	8548699,925	50,70121	1445	121,38	-70,67879
3281,7299	2442	33X	516069,0061	8548704,682	50,85806	1450	121,8	-70,94194
3286,9993	2443	33X	516070,2389	8548709,803	51,77842	1450	121,8	-70,02158
3292,8299	2444	33X	516071,6348	8548715,461	51,9681	1455	122,22	-70,2519
3299,0834	2445	33X	516073,1595	8548721,522	52,91992	1455	122,22	-69,30008
3305,5427	2446	33X	516074,7614	8548727,776	53,12332	1455	122,22	-69,09668
3311,9904	2447	33X	516076,389	8548734,012	53,31779	1460	122,64	-69,32221
3318,2628	2448	33X	516078,0009	8548740,071	54,24587	1460	122,64	-68,39413
3324,4099	2449	33X	516079,5963	8548746,005	54,41212	1465	123,06	-68,64788
3330,535	2450	33X	516081,1849	8548751,919	55,32416	1465	123,06	-67,73584
3336,7413	2451	33X	516082,7762	8548757,915	55,4896	1470	123,48	-67,9904
3343,0808	2452	33X	516084,3697	8548764,049	56,41338	1470	123,48	-67,06662
3349,3992	2453	33X	516085,9249	8548770,17	56,58992	1475	123,9	-67,31008
3355,4911	2454	33X	516087,3914	8548776,081	57,51097	1480	124,32	-66,80903
3361,1507	2455	33X	516088,7188	8548781,58	58,41828	1485	124,74	-66,32172
3366,2486	2456	33X	516089,8727	8548786,544	58,55574	1485	124,74	-66,18426
3370,9603	2457	33X	516090,883	8548791,144	59,42577	1490	125,16	-65,73423
3375,5375	2458	33X	516091,7956	8548795,628	59,53293	1495	125,58	-66,04707
3380,2325	2459	33X	516092,6562	8548800,243	60,38174	1500	126	-65,61826
3385,2976	2460	33X	516093,5108	8548805,234	61,22677	1505	126,42	-65,19323
3390,9088	2461	33X	516094,3906	8548810,775	61,32044	1510	126,84	-65,51956
3396,9377	2462	33X	516095,2682	8548816,739	62,15679	1515	127,26	-65,10321
3403,18	2463	33X	516096,1016	8548822,925	62,22773	1520	127,68	-65,45227
3409,4321	2464	33X	516096,8486	8548829,133	63,02516	1525	128,1	-65,07484
3415,5421	2465	33X	516097,4798	8548835,21	63,04429	1530	128,52	-65,47571
3421,5634	2466	33X	516098,0161	8548841,207	63,79345	1540	129,36	-65,56655
3427,5997	2467	33X	516098,491	8548847,225	63,78427	1545	129,78	-65,99573
3433,7538	2468	33X	516098,9381	8548853,363	64,52837	1550	130,2	-65,67163
3440,0755	2469	33X	516099,3836	8548859,669	64,53495	1560	131,04	-66,50505
3446,4045	2470	33X	516099,8252	8548865,982	65,3035	1565	131,46	-66,1565
3452,5279	2471	33X	516100,2533	8548872,09	65,33112	1570	131,88	-66,54888
3458,2327	2472	33X	516100,6584	8548877,781	66,11489	1580	132,72	-66,60511
3463,3834	2473	33X	516101,0377	8548882,917	66,90268	1585	133,14	-66,23732
3468,1533	2474	33X	516101,4157	8548887,672	67,69559	1590	133,56	-65,86441
3472,7931	2475	33X	516101,8238	8548892,294	68,4955	1595	133,98	-65,4845
3477,554	2476	33X	516102,2935	8548897,031	68,55431	1600	134,4	-65,84569
3482,6874	2477	33X	516102,856	8548902,133	69,37391	1605	134,82	-65,44609
3488,3678	2478	33X	516103,535	8548907,772	70,20506	1610	135,24	-65,03494
3494,4637	2479	33X	516104,3226	8548913,816	71,04409	1620	136,08	-65,03591
3500,767	2480	33X	516105,2032	8548920,057	71,88618	1625	136,5	-64,61382
3507,0699	2481	33X	516106,1611	8548926,286	71,97652	1630	136,92	-64,94348
3513,2174	2482	33X	516107,184	8548932,347	72,81165	1635	137,34	-64,52835
3519,2636	2483	33X	516108,2726	8548938,294	73,64343	1640	137,76	-64,11657
3525,3142	2484	33X	516109,431	8548944,232	73,72509	1645	138,18	-64,45491
3531,4745	2485	33X	516110,6633	8548950,267	74,55984	1650	138,6	-64,04016
3537,7969	2486	33X	516111,9639	8548956,454	74,65032	1655	139,02	-64,36968
3544,1243	2487	33X	516113,2885	8548962,64	75,49691	1660	139,44	-63,94309
3550,2475	2488	33X	516114,5836	8548968,624	76,34942	1670	140,28	-63,93058
3555,9568	2489	33X	516115,7952	8548974,202	76,45765	1675	140,7	-64,24235
3561,1192	2490	33X	516116,8858	8548979,247	77,32152	1680	141,12	-63,79848
3565,9071	2491	33X	516117,8827	8548983,928	77,44129	1685	141,54	-64,09871
3570,5692	2492	33X	516118,8295	8548988,492	78,31735	1690	141,96	-63,64265
3575,3544	2493	33X	516119,7695	8548993,182	78,45005	1700	142,8	-64,34995
3580,5116	2494	33X	516120,7465	8548998,244	79,33978	1705	143,22	-63,88022
3586,2139	2495	33X	516121,789	8549003,848	79,48642	1710	143,64	-64,15358
3592,3302	2496	33X	516122,8667	8549009,867	79,63799	1715	144,06	-64,42201
3598,6535	2497	33X	516123,9342	8549016,097	80,54201	1720	144,48	-63,93799
3604,9769	2498	33X	516124,9463	8549022,337	80,69599	1730	145,32	-64,62401
3611,1473	2499	33X	516125,8687	8549028,436	81,59837	1735	145,74	-64,14163
3617,2244	2500	33X	516126,7111	8549034,453	81,75105	1740	146,16	-64,40895
3623,3213	2501	33X	516127,4941	8549040,497	82,65687	1745	146,58	-63,92313
3629,5509	2502	33X	516128,2386	8549046,68	82,81862	1750	147	-64,18138
3635,9707	2503	33X	516128,96	8549053,057	82,98769	1760	147,84	-64,85231
3642,4183	2504	33X	516129,6534	8549059,465	83,15963	1765	148,26	-65,10037
3648,6759	2505	33X	516130,3086	8549065,686	82,57859	1770	148,68	-66,10141
3654,5258	2506	33X	516130,9155	8549071,502	82,73868	1775	149,1	-66,36132
3659,8299	2507	33X	516131,471	8549076,775	82,8861	1780	149,52	-66,6339
3664,77	2508	33X	516132,0003	8549081,685	83,02531	1785	149,94	-66,91469
3669,6076	2509	33X	516132,5357	8549086,491	83,16282	1790	150,36	-67,19718
3674,6046	2510	33X	516133,1096	8549091,452	83,30517	1795	150,78	-67,47483
3680,0224	2511	33X	516133,7542	8549096,83	83,45887	1800	151,2	-67,74113
3686,0423	2512	33X	516134,4935	8549102,802	83,62831	1805	151,62	-67,99169
3692,5225	2513	33X	516135,3182	8549109,227	83,80936	1810	152,04	-68,23064
3699,2409	2514	33X	516136,2106	8549115,883	83,99575	1815	152,46	-68,46425
3705,9754	2515	33X	516137,1532	8549122,549	84,18119	1825	153,3	-69,11881
3712,5596	2516	33X	516138,1327	8549129,057	84,36158	1830	153,72	-69,35842
3719,0478	2517	33X	516139,1539	8549135,462	84,54135	1835	154,14	-69,59865
3725,5497	2518	33X	516140,2257	8549141,872	84,72712	1840	154,56	-69,83288
3732,1745	2519	33X	516141,3573	8549148,397	84,9255	1845	154,98	-70,0545
3738,9751	2520	33X	516142,5486	8549155,089	85,13989	1850	155,4	-70,26011
3745,7783	2521	33X	516143,7631	8549161,779	85,36085	1855	155,82	-70,45915
3752,3544	2522	33X	516144,9551	8549168,242	85,57577	1860	156,24	-70,66423
3758,4736	2523	33X	516146,079	8549174,254	85,77201	1865	156,66	-70,88799
3763,9897	2524	33X	516147,1043	8549179,672	85,94159	1870	157,08	-71,13841
3769,0904	2525	33X	516148,0612	8549184,679	86,09505	1875	157,5	-71,40495
3774,0466	2526	33X	516148,9951	8549189,544	86,24757	1880	157,92	-71,67243
3779,1296	2527	33X	516149,9515	8549194,534	86,41433	1885	158,34	-71,92567
3784,6103	2528	33X	516150,9757	8549199,915	86,6105	1890	158,76	-72,1495
3790,6781	2529	33X	516152,0969	8549205,873	86,84735	1895	159,18	-72,33265
3797,1945	2530	33X	516153,2794	8549212,276	87,1204	1900	159,6	-72,4796
3803,9393	2531	33X	516154,4711	8549218,907	87,42125	1905	160,02	-72,59875
3810,6924	2532	33X	516155,6201	8549225,554	87,7415	1910	160,44	-72,6985
3817,2892	2533	33X	516156,6857	8549232,056	88,07315	1920	161,28	-73,20685
3823,7862	2534	33X	516157,6729	8549238,469	88,40983	1925	161,7	-73,29017
3830,2951	2535	33X	516158,5981	8549244,903	88,7456	1930	162,12	-73,3744
3836,9275	2536	33X	516159,4775	8549251,469	89,0745	1935	162,54	-73,4655
3843,7395	2537	33X	516160,3216	8549258,221	89,39047	1940	162,96	-73,56953
3850,5632	2538	33X	516161,1168	8549264,991	89,68708	1945	163,38	-73,69292
3857,1747	2539	33X	516161,8435	8549271,557	90,70781	1950	163,8	-73,09219
3863,3503	2540	33X	516162,4821	8549277,695	90,94612	1955	164,22	-73,27388
3868,9491	2541	33X	516163,0204	8549283,264	91,14849	1960	164,64	-73,49151
3874,1633	2542	33X	516163,4753	8549288,456	91,32332	1965	165,06	-73,73668
3879,2684	2543	33X	516163,871	8549293,543	91,48204	1970	165,48	-73,99796
3884,5397	2544	33X	516164,2317	8549298,8	91,63606	1970	165,48	-73,84394
3890,2526	2545	33X	516164,5815	8549304,5	91,04677	1975	165,9	-74,85323
3896,5972	2546	33X	516164,939	8549310,832	91,22289	1980	166,32	-75,09711
3903,4238	2547	33X	516165,2996	8549317,646	91,41223	1985	166,74	-75,32777
3910,4977	2548	33X	516165,6533	8549324,709	91,60992	1990	167,16	-75,55008
3917,5842	2549	33X	516165,9897	8549331,784	91,06106	1990	167,16	-76,09894
3924,5066	2550	33X	516166,306	8549338,696	91,26249	1995	167,58	-76,31751
3931,32	2551	33X	516166,6283	8549345,499	91,46798	2000	168	-76,53202
3938,1373	2552	33X	516166,9901	8549352,303	91,68301	2005	168,42	-76,73699
3945,0723	2553	33X	516167,4248	8549359,221	91,91305	2010	168,84	-76,92695
3952,1807	2554	33X	516167,9551	8549366,305	91,41029	2010	168,84	-77,42971
3959,2843	2555	33X	516168,5606	8549373,378	91,66369	2015	169,26	-77,59631
3966,1458	2556	33X	516169,2103	8549380,205	91,90889	2020	169,68	-77,77111
3972,5278	2557	33X	516169,8732	8549386,548	92,13154	2025	170,1	-77,96846
3978,2794	2558	33X	516170,5282	8549392,259	91,57159	2030	170,52	-78,94841
3983,5954	2559	33X	516171,1949	8549397,531	91,73611	2030	170,52	-78,78389
3988,7572	2560	33X	516171,903	8549402,642	91,88646	2035	170,94	-79,05354
3994,0459	2561	33X	516172,6822	8549407,871	92,03401	2045	171,78	-79,74599
3999,7424	2562	33X	516173,562	8549413,497	92,94012	2050	172,2	-79,25988
4006,0417	2563	33X	516174,5604	8549419,714	93,1132	2055	172,62	-79,5068
4012,7969	2564	33X	516175,6484	8549426,378	94,04986	2060	173,04	-78,99014
4019,7758	2565	33X	516176,7851	8549433,261	94,24376	2070	173,88	-79,63624
4026,746	2566	33X	516177,9296	8549440,134	94,43856	2075	174,3	-79,86144
4033,5334	2567	33X	516179,0494	8549446,826	95,37853	2080	174,72	-79,34147
4040,197	2568	33X	516180,1446	8549453,396	95,56038	2085	175,14	-79,57962
4046,8542	2569	33X	516181,2237	8549459,963	96,48146	2095	175,98	-79,49854
4053,6224	2570	33X	516182,2949	8549466,644	96,63908	2100	176,4	-79,76092
4060,5614	2571	33X	516183,3601	8549473,5	97,53098	2105	176,82	-79,28902
4067,5	2572	33X	516184,3944	8549480,36	97,65652	2110	177,24	-79,58348
4074,2092	2573	33X	516185,3666	8549486,997	98,51547	2120	178,08	-79,56453
4080,4597	2574	33X	516186,2454	8549493,185	98,60759	2125	178,5	-79,89241
4086,1073	2575	33X	516187,0106	8549498,78	98,68272	2130	178,92	-80,23728
4091,3461	2576	33X	516187,6872	8549503,974	99,49089	2135	179,34	-79,84911
4096,4552	2577	33X	516188,3116	8549509,045	99,53221	2140	179,76	-80,22779
4101,7136	2578	33X	516188,9199	8549514,268	99,55678	2150	180,6	-81,04322
4107,4003	2579	33X	516189,5484	8549519,92	99,56472	2155	181,02	-81,45528
4113,7098	2580	33X	516190,2228	8549526,193	99,55672	2160	181,44	-81,88328
4120,4996	2581	33X	516190,9262	8549532,947	99,53586	2165	181,86	-82,32414
4127,543	2582	33X	516191,6311	8549539,955	100,2558	2175	182,7	-82,4442
4134,6133	2583	33X	516192,31	8549546,992	100,2203	2180	183,12	-82,8997
4141,5407	2584	33X	516192,9441	8549553,89	100,1826	2185	183,54	-83,3574
4148,3836	2585	33X	516193,5492	8549560,706	100,1449	2190	183,96	-83,8151
4155,2574	2586	33X	516194,1496	8549567,554	100,109	2195	184,38	-84,271
4162,2774	2587	33X	516194,7697	8549574,546	100,0767	2205	185,22	-85,1433
4169,499	2588	33X	516195,4259	8549581,738	100,0496	2210	185,64	-85,5904
4176,7389	2589	33X	516196,1024	8549588,946	100,0273	2215	186,06	-86,0327
4183,754	2590	33X	516196,7757	8549595,929	100,0095	2220	186,48	-86,4705
4190,301	2591	33X	516197,422	8549602,444	99,99545	2225	186,9	-86,90455
4196,2248	2592	33X	516198,0275	8549608,336	100,735	2235	187,74	-87,005
4201,7217	2593	33X	516198,6173	8549613,802	100,7289	2240	188,16	-87,4311
4207,0761	2594	33X	516199,2266	8549619,121	100,7284	2245	188,58	-87,8516
4212,5725	2595	33X	516199,8905	8549624,577	100,7346	2250	189	-88,2654
4218,4953	2596	33X	516200,6439	8549630,452	100,7486	2260	189,84	-89,0914
4225,0446	2597	33X	516201,5116	8549636,944	100,7723	2265	190,26	-89,4877
4232,0822	2598	33X	516202,477	8549643,915	100,811	2270	190,68	-89,869
4239,3856	2599	33X	516203,5133	8549651,144	100,8706	2275	191,1	-90,2294
4246,7322	2600	33X	516204,5934	8549658,41	100,9573	2280	191,52	-90,5627
4253,9433	2601	33X	516205,693	8549665,536	101,0743	2290	192,36	-91,2857
4261,0135	2602	33X	516206,7972	8549672,518	101,9643	2295	192,78	-90,8157
4267,981	2603	33X	516207,8938	8549679,397	102,1174	2300	193,2	-91,0826
4274,8834	2604	33X	516208,9705	8549686,213	102,2734	2305	193,62	-91,3466
4281,7598	2605	33X	516210,0168	8549693,008	102,4256	2315	194,46	-92,0344
4288,6543	2606	33X	516211,0296	8549699,826	102,5803	2320	194,88	-92,2997
4295,612	2607	33X	516212,008	8549706,712	102,7469	2330	195,72	-92,9731
4302,6784	2608	33X	516212,9508	8549713,713	102,9348	2335	196,14	-93,2052
4309,8556	2609	33X	516213,854	8549720,83	103,149	2340	196,56	-93,411
4316,9712	2610	33X	516214,7023	8549727,891	103,377	2350	197,4	-94,023
4323,8092	2611	33X	516215,4774	8549734,681	103,6018	2355	197,82	-94,2182
4330,1533	2612	33X	516216,161	8549740,985	104,5561	2365	198,66	-94,1039
4335,8703	2613	33X	516216,7417	8549746,67	104,7279	2370	199,08	-94,3521
4341,1596	2614	33X	516217,2351	8549751,934	104,8741	2380	199,92	-95,0459
4346,3037	2615	33X	516217,6632	8549757,059	105,0064	2385	200,34	-95,3336
4351,5853	2616	33X	516218,0486	8549762,325	105,1368	2390	200,76	-95,6232
4357,287	2617	33X	516218,4133	8549768,013	105,2769	2400	201,6	-96,3231
4363,606	2618	33X	516218,7724	8549774,32	105,4341	2405	202,02	-96,5859
4370,3976	2619	33X	516219,1113	8549781,101	105,5982	2415	202,86	-97,2618
4377,4323	2620	33X	516219,4085	8549788,128	105,7546	2420	203,28	-97,5254
4384,4805	2621	33X	516219,642	8549795,171	105,8885	2425	203,7	-97,8115
4391,3711	2622	33X	516219,7975	8549802,059	105,9886	2425	203,7	-97,7114
4398,1649	2623	33X	516219,8894	8549808,852	106,0561	2430	204,12	-98,0639
4404,9799	2624	33X	516219,9396	8549815,666	106,0955	2435	204,54	-98,4445
4411,934	2625	33X	516219,9699	8549822,62	106,1113	2435	204,54	-98,4287
4419,0848	2626	33X	516219,999	8549829,771	106,1076	2440	204,96	-98,8524
4426,251	2627	33X	516220,0334	8549836,937	106,0869	2445	205,38	-99,2931
4433,1916	2628	33X	516220,0763	8549843,878	106,0513	2445	205,38	-99,3287
4439,6656	2629	33X	516220,1311	8549850,351	106,0031	2450	205,8	-99,7969
4445,5198	2630	33X	516220,2017	8549856,205	105,9442	2455	206,22	-100,2758
4450,9532	2631	33X	516220,2939	8549861,637	105,8769	2455	206,22	-100,3431
4456,2523	2632	33X	516220,414	8549866,934	105,8036	2460	206,64	-100,8364
4461,704	2633	33X	516220,5686	8549872,383	105,7264	2465	207,06	-101,3336
4467,595	2634	33X	516220,7639	8549878,27	105,6478	2465	207,06	-101,4122
4474,1237	2635	33X	516221,0052	8549884,794	105,5705	2470	207,48	-101,9095
4481,1352	2636	33X	516221,2933	8549891,799	105,5002	2475	207,9	-102,3998
4488,3864	2637	33X	516221,6277	8549899,043	105,4432	2475	207,9	-102,4568
4495,6345	2638	33X	516222,008	8549906,281	105,4058	2480	208,32	-102,9142
4502,6967	2639	33X	516222,4344	8549913,33	105,3929	2485	208,74	-103,3471
4509,6292	2640	33X	516222,9088	8549920,246	105,4045	2485	208,74	-103,3355
4516,5481	2641	33X	516223,4338	8549927,145	105,4393	2490	209,16	-103,7207
4523,5692	2642	33X	516224,0119	8549934,142	105,4958	2495	209,58	-104,0842
4530,75	2643	33X	516224,6401	8549941,295	105,5719	2500	210	-104,4281
4537,914	2644	33X	516225,2941	8549948,428	105,6629	2500	210	-104,3371
4544,8267	2645	33X	516225,9442	8549955,31	105,7632	2505	210,42	-104,6568
4551,2531	2646	33X	516226,5605	8549961,706	105,8673	2510	210,84	-104,9727
4557,0449	2647	33X	516227,1213	8549967,469	105,9716	2510	210,84	-104,8684
4562,3997	2648	33X	516227,6368	8549972,798	106,0804	2515	211,26	-105,1796
4567,6016	2649	33X	516228,1251	8549977,976	105,4502	2520	211,68	-106,2298
4572,9348	2650	33X	516228,6045	8549983,286	105,5872	2520	211,68	-106,0928
4578,6836	2651	33X	516229,0931	8549989,011	105,7478	2525	212,1	-106,3522
4585,0461	2652	33X	516229,6017	8549995,351	105,9356	2530	212,52	-106,5844
4591,8754	2653	33X	516230,1118	8550002,158	106,1433	2535	212,94	-106,7967
4598,9383	2654	33X	516230,5973	8550009,201	105,611	2540	213,36	-107,749
4606,0018	2655	33X	516231,0325	8550016,247	105,8287	2545	213,78	-107,9513
4612,8921	2656	33X	516231,3974	8550023,125	106,0378	2550	214,2	-108,1622
4619,6714	2657	33X	516231,6965	8550029,895	106,2349	2555	214,62	-108,3851
4626,4606	2658	33X	516231,9404	8550036,677	105,6681	2560	215,04	-109,3719
4633,3808	2659	33X	516232,1396	8550043,592	105,8354	2565	215,46	-109,6246
4640,493	2660	33X	516232,3041	8550050,701	105,9853	2570	215,88	-109,8947
4647,6198	2661	33X	516232,4411	8550057,825	106,1192	2575	216,3	-110,1808
4654,5237	2662	33X	516232,5576	8550064,727	106,2388	2575	216,3	-110,0612
4660,9672	2663	33X	516232,6601	8550071,169	105,5961	2580	216,72	-111,1239
4666,7996	2664	33X	516232,7561	8550077	105,6929	2585	217,14	-111,4471
4672,2172	2665	33X	516232,8557	8550082,416	105,7814	2590	217,56	-111,7786
4677,5029	2666	33X	516232,9695	8550087,7	105,8637	2595	217,98	-112,1163
4682,9399	2667	33X	516233,1084	8550093,134	105,942	2600	218,4	-112,458
4688,8113	2668	33X	516233,283	8550099,003	106,0185	2605	218,82	-112,8015
4695,3126	2669	33X	516233,5019	8550105,5	106,0942	2615	219,66	-113,5658
4702,2874	2670	33X	516233,7648	8550112,469	105,4155	2620	220,08	-114,6645
4709,4921	2671	33X	516234,0694	8550119,667	105,4776	2620	220,08	-114,6024
4716,6827	2672	33X	516234,413	8550126,849	105,5257	2620	220,08	-114,5543
4723,6756	2673	33X	516234,7948	8550133,832	105,5571	2615	219,66	-114,1029
4730,5272	2674	33X	516235,2194	8550140,67	105,5766	2615	219,66	-114,0834
4737,3542	2675	33X	516235,693	8550147,481	105,5911	2615	219,66	-114,0689
4744,2728	2676	33X	516236,2217	8550154,379	105,6073	2615	219,66	-114,0527
4751,3419	2677	33X	516236,806	8550161,424	104,881	2615	219,66	-114,779
4758,3904	2678	33X	516237,4232	8550168,445	104,9135	2615	219,66	-114,7465
4765,1894	2679	33X	516238,045	8550175,216	104,9547	2615	219,66	-114,7053
4771,51	2680	33X	516238,6431	8550181,508	105,005	2615	219,66	-114,655
4777,2071	2681	33X	516239,1975	8550187,178	105,0646	2615	219,66	-114,5954
4782,4706	2682	33X	516239,7221	8550192,414	105,1352	2610	219,24	-114,1048
4787,5745	2683	33X	516240,2393	8550197,491	105,2188	2610	219,24	-114,0212
4792,7925	2684	33X	516240,7714	8550202,681	105,3174	2610	219,24	-113,9226
4798,3984	2685	33X	516241,3407	8550208,257	105,4327	2605	218,82	-113,3873
4804,582	2686	33X	516241,9611	8550214,408	105,566	2605	218,82	-113,254
4811,1979	2687	33X	516242,6122	8550220,99	105,7152	2605	218,82	-113,1048
4818,0166	2688	33X	516243,2652	8550227,775	105,8772	2600	218,4	-112,5228
4824,8088	2689	33X	516243,8912	8550234,537	105,2992	2600	218,4	-113,1008
4831,4035	2690	33X	516244,467	8550241,104	105,4794	2600	218,4	-112,9206
4837,8624	2691	33X	516244,9921	8550247,538	105,6709	2595	217,98	-112,3091
4844,3054	2692	33X	516245,472	8550253,96	105,878	2595	217,98	-112,102
4850,8526	2693	33X	516245,9118	8550260,489	106,1052	2595	217,98	-111,8748
4857,5669	2694	33X	516246,3148	8550267,186	106,3535	2590	217,56	-111,2065
4864,2828	2695	33X	516246,6763	8550273,887	106,6111	2590	217,56	-110,9489
4870,7772	2696	33X	516246,9892	8550280,369	106,8628	2590	217,56	-110,6972
4876,8272	2697	33X	516247,2467	8550286,41	107,0935	2585	217,14	-110,0465
4882,2927	2698	33X	516247,4453	8550291,868	107,2939	2585	217,14	-109,8461
4887,3643	2699	33X	516247,5946	8550296,934	108,2283	2585	217,14	-108,9117
4892,3155	2700	33X	516247,7075	8550301,88	108,4166	2585	217,14	-108,7234
4897,4196	2701	33X	516247,7971	8550306,979	108,6287	2580	216,72	-108,0913
4902,95	2702	33X	516247,8762	8550312,503	108,8848	2580	216,72	-107,8352
4909,0968	2703	33X	516247,9555	8550318,641	109,1986	2580	216,72	-107,5214
4915,7173	2704	33X	516248,0362	8550325,251	110,3089	2580	216,72	-106,4111
4922,5854	2705	33X	516248,1171	8550332,108	110,6983	2580	216,72	-106,0217
4929,475	2706	33X	516248,1969	8550338,986	111,0992	2575	216,3	-105,2008
4936,2159	2707	33X	516248,2774	8550345,714	111,4973	2575	216,3	-104,8027
4942,862	2708	33X	516248,3717	8550352,348	111,8896	2575	216,3	-104,4104
4949,5233	2709	33X	516248,4957	8550358,997	112,276	2575	216,3	-104,024
4956,3098	2710	33X	516248,6654	8550365,771	113,4067	2570	215,88	-102,4733
4963,2751	2711	33X	516248,8912	8550372,722	113,0302	2570	215,88	-102,8498
4970,2457	2712	33X	516249,1618	8550379,678	113,3901	2570	215,88	-102,4899
4976,9909	2713	33X	516249,4603	8550386,409	113,7286	2570	215,88	-102,1514
4983,28	2714	33X	516249,7698	8550392,682	114,0378	2565	215,46	-101,4222
4988,9658	2715	33X	516250,0784	8550398,353	114,3136	2565	215,46	-101,1464
4994,2362	2716	33X	516250,3941	8550403,608	114,5662	2565	215,46	-100,8938
4999,3623	2717	33X	516250,7298	8550408,717	114,8097	2565	215,46	-100,6503
5004,6157	2718	33X	516251,0984	8550413,952	115,0581	2565	215,46	-100,4019
5010,2674	2719	33X	516251,513	8550419,582	115,3252	2565	215,46	-100,1348
5016,5083	2720	33X	516251,9818	8550425,798	115,6215	2565	215,46	-99,8385
5023,2064	2721	33X	516252,4947	8550432,469	115,9424	2565	215,46	-99,5176
5030,1495	2722	33X	516253,0369	8550439,383	116,2799	2570	215,88	-99,6001
5037,1253	2723	33X	516253,5936	8550446,328	115,8758	2570	215,88	-100,0042
5043,9642	2724	33X	516254,1529	8550453,135	116,2237	2570	215,88	-99,6563
5050,6671	2725	33X	516254,7141	8550459,805	116,5739	2570	215,88	-99,3061
5057,2776	2726	33X	516255,2794	8550466,382	116,9285	2575	216,3	-99,3715
5063,8391	2727	33X	516255,8509	8550472,908	117,2893	2575	216,3	-99,0107
5070,3954	2728	33X	516256,4305	8550479,429	117,6582	2575	216,3	-98,6418
5076,99	2729	33X	516257,0184	8550485,986	118,0366	2575	216,3	-98,2634
5083,6669	2730	33X	516257,6149	8550492,625	118,4257	2575	216,3	-97,8743
5090,4697	2731	33X	516258,2197	8550499,389	118,8266	2580	216,72	-97,8934
5097,3998	2732	33X	516258,8299	8550506,28	119,2375	2580	216,72	-97,4825
5104,2893	2733	33X	516259,4299	8550513,131	118,8946	2580	216,72	-97,8254
5110,9277	2734	33X	516260,0012	8550519,734	119,2811	2580	216,72	-97,4389
5117,1048	2735	33X	516260,5251	8550525,879	119,63	2580	216,72	-97,09
5122,6912	2736	33X	516260,9894	8550531,438	119,93	2580	216,72	-96,79
5127,8815	2737	33X	516261,4072	8550536,604	120,1915	2580	216,72	-96,5285
5132,9514	2738	33X	516261,7982	8550541,654	120,4304	2580	216,72	-96,2896
5138,1766	2739	33X	516262,182	8550546,86	120,6624	2580	216,72	-96,0576
5143,8327	2740	33X	516262,5781	8550552,497	120,1535	2580	216,72	-96,5665
5150,1118	2741	33X	516263,0003	8550558,756	120,4157	2575	216,3	-95,8843
5156,8727	2742	33X	516263,4389	8550565,497	120,6953	2575	216,3	-95,6047
5163,8903	2743	33X	516263,8785	8550572,495	120,9851	2575	216,3	-95,3149
5170,94	2744	33X	516264,3035	8550579,526	121,2775	2575	216,3	-95,0225
5177,8532	2745	33X	516264,704	8550586,421	120,8163	2575	216,3	-95,4837
5184,6866	2746	33X	516265,0922	8550593,238	121,1	2575	216,3	-95,2
5191,5532	2747	33X	516265,4858	8550600,087	121,3781	2570	215,88	-94,5019
5198,5659	2748	33X	516265,9023	8550607,082	120,9002	2570	215,88	-94,9798
5205,7786	2749	33X	516266,3538	8550614,276	121,1655	2565	215,46	-94,2945
5213,0076	2750	33X	516266,8294	8550621,485	121,4208	2565	215,46	-94,0392
5220,01	2751	33X	516267,3126	8550628,466	121,6628	2560	215,04	-93,3772
5226,5428	2752	33X	516267,7868	8550634,978	121,138	2560	215,04	-93,902
5232,4516	2753	33X	516268,2425	8550640,866	121,3456	2555	214,62	-93,2744
5237,9356	2754	33X	516268,6985	8550646,327	121,5452	2555	214,62	-93,0748
5243,2825	2755	33X	516269,1808	8550651,648	121,7492	2555	214,62	-92,8708
5248,7802	2756	33X	516269,7154	8550657,115	121,9699	2550	214,2	-92,2301
5254,7164	2757	33X	516270,3281	8550663,015	122,2198	2545	213,78	-91,5602
5261,2898	2758	33X	516271,0371	8550669,543	122,5069	2540	213,36	-90,8531
5268,3425	2759	33X	516271,8293	8550676,544	122,8223	2530	212,52	-89,6977
5275,6277	2760	33X	516272,6837	8550683,772	123,1529	2525	212,1	-88,9471
5282,8988	2761	33X	516273,5793	8550690,98	123,4856	2520	211,68	-88,1944
5289,9704	2762	33X	516274,5009	8550697,984	123,8108	2515	211,26	-87,4492
5296,9022	2763	33X	516275,4555	8550704,842	124,1332	2505	210,42	-86,2868
5303,8147	2764	33X	516276,456	8550711,674	124,4612	2500	210	-85,5388
5310,8289	2765	33X	516277,515	8550718,599	124,803	2495	209,58	-84,777
5318,006	2766	33X	516278,6361	8550725,679	125,1632	2495	209,58	-84,4168
5325,1704	2767	33X	516279,7854	8550732,741	125,5322	2490	209,16	-83,6278
5332,0869	2768	33X	516280,9201	8550739,554	126,6462	2490	209,16	-82,5138
5338,5205	2769	33X	516281,997	8550745,888	126,9919	2490	209,16	-82,1681
5344,3231	2770	33X	516282,9874	8550751,596	127,3101	2490	209,16	-81,8499
5349,694	2771	33X	516283,9196	8550756,877	127,6092	2485	208,74	-81,1308
5354,9197	2772	33X	516284,8358	8550762,013	127,9018	2485	208,74	-80,8382
5360,2864	2773	33X	516285,7785	8550767,288	128,2006	2485	208,74	-80,5394
5366,0805	2774	33X	516286,7901	8550772,985	128,5183	2480	208,32	-79,8017
5372,5017	2775	33X	516287,8987	8550779,3	128,8632	2485	208,74	-79,8768
5379,4041	2776	33X	516289,0749	8550786,092	129,227	2490	209,16	-79,933
5386,5551	2777	33X	516290,275	8550793,132	129,5968	2490	209,16	-79,5632
5393,7222	2778	33X	516291,4554	8550800,192	129,9598	2495	209,58	-79,6202
5400,732	2779	33X	516292,5826	8550807,101	131,0557	2500	210	-78,9443
5407,6474	2780	33X	516293,6645	8550813,924	131,3841	2500	210	-78,6159
5414,5904	2781	33X	516294,7195	8550820,779	131,6967	2505	210,42	-78,7233
5421,6829	2782	33X	516295,7657	8550827,788	131,9956	2510	210,84	-78,8444
5428,9855	2783	33X	516296,8133	8550835,009	132,2815	2510	210,84	-78,5585
5436,313	2784	33X	516297,8398	8550842,259	132,551	2515	211,26	-78,709
5443,4188	2785	33X	516298,8147	8550849,294	132,7993	2515	211,26	-78,4607
5450,0561	2786	33X	516299,7074	8550855,867	133,7718	2520	211,68	-77,9082
5456,0685	2787	33X	516300,499	8550861,824	133,9661	2520	211,68	-77,7139
5461,6607	2788	33X	516301,2164	8550867,367	134,1387	2525	212,1	-77,9613
5467,1279	2789	33X	516301,8983	8550872,789	134,2984	2525	212,1	-77,8016
5472,7653	2790	33X	516302,5833	8550878,383	134,454	2530	212,52	-78,066
5478,8679	2791	33X	516303,31	8550884,44	134,6142	2530	212,52	-77,9058
5485,6401	2792	33X	516304,1061	8550891,163	135,5359	2530	212,52	-76,9841
5492,9236	2793	33X	516304,9558	8550898,394	135,7182	2535	212,94	-77,2218
5500,469	2794	33X	516305,8326	8550905,886	135,9083	2535	212,94	-77,0317
5508,0272	2795	33X	516306,7097	8550913,391	136,1033	2535	212,94	-76,8367
5515,4111	2796	33X	516307,5687	8550920,722	137,0511	2535	212,94	-75,8889
5522,6811	2797	33X	516308,4233	8550927,939	137,2512	2535	212,94	-75,6888
5529,9596	2798	33X	516309,2953	8550935,162	137,4538	2535	212,94	-75,4862
5537,3693	2799	33X	516310,2066	8550942,513	137,6592	2540	213,36	-75,7008
5544,9705	2800	33X	516311,1693	8550950,05	138,6171	2540	213,36	-74,7429
5552,5754	2801	33X	516312,1569	8550957,587	138,8262	2540	213,36	-74,5338
5559,9342	2802	33X	516313,1331	8550964,878	139,0345	2540	213,36	-74,3255
5566,7969	2803	33X	516314,0619	8550971,675	139,2403	2540	213,36	-74,1197
5573,0057	2804	33X	516314,9205	8550977,82	139,4431	2540	213,36	-73,9169
5578,7719	2805	33X	516315,7404	8550983,524	140,3987	2545	213,78	-73,3813
5584,3992	2806	33X	516316,5666	8550989,086	140,6141	2550	214,2	-73,5859
5590,1911	2807	33X	516317,4442	8550994,807	140,8465	2555	214,62	-73,7735
5596,4511	2808	33X	516318,4181	8551000,985	141,1027	2555	214,62	-73,5173
5603,3901	2809	33X	516319,5197	8551007,83	141,3871	2560	215,04	-73,6529
5610,8478	2810	33X	516320,7258	8551015,184	141,6925	2565	215,46	-73,7675
5618,5715	2811	33X	516321,9992	8551022,795	142,0086	2565	215,46	-73,4514
5626,3085	2812	33X	516323,3031	8551030,415	142,3253	2570	215,88	-73,5547
5633,8699	2813	33X	516324,6096	8551037,856	143,3853	2575	216,3	-72,9147
5641,3229	2814	33X	516325,9274	8551045,185	143,6924	2580	216,72	-73,0276
5648,7981	2815	33X	516327,2744	8551052,532	144,003	2580	216,72	-72,717
5656,4264	2816	33X	516328,6685	8551060,025	143,5736	2585	217,14	-73,5664
5664,2728	2817	33X	516330,1161	8551067,729	143,9077	2590	217,56	-73,6523
5672,139	2818	33X	516331,5771	8551075,451	144,2465	2595	217,98	-73,7335
5679,7607	2819	33X	516333,0003	8551082,931	144,5782	2600	218,4	-73,8218
5686,874	2820	33X	516334,3342	8551089,911	144,8908	2605	218,82	-73,9292
5693,3096	2821	33X	516335,5454	8551096,226	145,1755	2610	219,24	-74,0645
5699,2785	2822	33X	516336,6735	8551102,081	145,4355	2610	219,24	-73,8045
5705,087	2823	33X	516337,7759	8551107,779	145,6767	2610	219,24	-73,5633
5711,0411	2824	33X	516338,9104	8551113,62	145,1552	2610	219,24	-74,0848
5717,4469	2825	33X	516340,1344	8551119,904	145,3771	2610	219,24	-73,8629
5724,5204	2826	33X	516341,488	8551126,843	145,5976	2610	219,24	-73,6424
5732,1168	2827	33X	516342,9412	8551134,296	145,8185	2610	219,24	-73,4215
5740,0006	2828	33X	516344,4461	8551142,031	146,0405	2610	219,24	-73,1995
5747,9367	2829	33X	516345,9552	8551149,819	146,2645	2605	218,82	-72,5555
5755,7369	2830	33X	516347,4304	8551157,475	146,4919	2600	218,4	-71,9081
5763,4017	2831	33X	516348,8724	8551165	146,7257	2595	217,98	-71,2543
5770,9787	2832	33X	516350,2917	8551172,439	146,9693	2595	217,98	-71,0107
5778,5155	2833	33X	516351,6986	8551179,839	147,2261	2590	217,56	-70,3339
5786,0595	2834	33X	516353,1053	8551187,245	147,4988	2585	217,14	-69,6412
5793,6573	2835	33X	516354,5313	8551194,703	147,7856	2580	216,72	-68,9344
5801,3552	2836	33X	516355,9975	8551202,254	148,084	2575	216,3	-68,216
5809,1996	2837	33X	516357,5252	8551209,942	148,3916	2570	215,88	-67,4884
5817,1895	2838	33X	516359,1228	8551217,764	148,7052	2570	215,88	-67,1748
5825,1335	2839	33X	516360,7479	8551225,534	149,0199	2565	215,46	-66,4401
5832,7923	2840	33X	516362,3454	8551233,018	149,3305	2565	215,46	-66,1295
5839,9268	2841	33X	516363,8604	8551239,983	149,6316	2565	215,46	-65,8284
5846,3892	2842	33X	516365,259	8551246,286	150,6706	2565	215,46	-64,7894
5852,3976	2843	33X	516366,5931	8551252,137	150,9569	2565	215,46	-64,5031
5858,2616	2844	33X	516367,9356	8551257,838	151,2525	2565	215,46	-64,2075
5864,291	2845	33X	516369,3595	8551263,688	151,5695	2565	215,46	-63,8905
5870,7953	2846	33X	516370,9381	8551269,988	151,9202	2565	215,46	-63,5398
5877,9884	2847	33X	516372,7222	8551276,945	152,312	2565	215,46	-63,148
5885,6998	2848	33X	516374,6741	8551284,394	152,7342	2565	215,46	-62,7258
5893,6636	2849	33X	516376,7344	8551292,074	153,1715	2565	215,46	-62,2885
5901,6137	2850	33X	516378,8431	8551299,727	153,6088	2560	215,04	-61,4312
5909,3507	2851	33X	516380,9568	8551307,157	154,0348	2560	215,04	-61,0052
5916,9406	2852	33X	516383,0967	8551314,427	154,4555	2560	215,04	-60,5845
5924,5158	2853	33X	516385,2999	8551321,663	154,8811	2560	215,04	-60,1589
5932,2088	2854	33X	516387,6038	8551328,989	155,3215	2560	215,04	-59,7185
5940,0867	2855	33X	516390,024	8551336,472	155,7825	2560	215,04	-59,2575
5947,9552	2856	33X	516392,4896	8551343,93	156,2517	2560	215,04	-58,7883
5955,5547	2857	33X	516394,908	8551351,119	156,7123	2560	215,04	-58,3277
5962,6253	2858	33X	516397,1865	8551357,799	157,1473	2560	215,04	-57,8927
5969,0019	2859	33X	516399,2651	8551363,814	157,5454	2560	215,04	-57,4946
5974,8991	2860	33X	516401,2136	8551369,367	157,9177	2560	215,04	-57,1223
5980,6265	2861	33X	516403,1344	8551374,751	158,2807	2560	215,04	-56,7593
5986,4934	2862	33X	516405,1298	8551380,256	158,651	2560	215,04	-56,389
5992,8093	2863	33X	516407,3022	8551386,173	159,0451	2560	215,04	-55,9949
5999,7897	2864	33X	516409,7229	8551392,706	159,4749	2560	215,04	-55,5651
6007,2736	2865	33X	516412,3385	8551399,703	159,9338	2560	215,04	-55,1062
6015,0062	2866	33X	516415,0648	8551406,923	160,4107	2560	215,04	-54,6293
6022,7326	2867	33X	516417,8173	8551414,127	160,8941	2560	215,04	-54,1459
6030,2618	2868	33X	516420,5333	8551421,133	161,3756	2560	215,04	-53,6644
6037,6576	2869	33X	516423,2365	8551428	161,8572	2560	215,04	-53,1828
6045,0474	2870	33X	516425,9724	8551434,847	162,3436	2565	215,46	-53,1164
6052,5586	2871	33X	516428,7864	8551441,794	162,8395	2565	215,46	-52,6205
6060,2552	2872	33X	516431,6994	8551448,9	163,3458	2565	215,46	-52,1142
6067,9464	2873	33X	516434,6349	8551455,991	163,8488	2570	215,88	-52,0312
6075,378	2874	33X	516437,492	8551462,835	163,5808	2570	215,88	-52,2992
6082,2957	2875	33X	516440,1697	8551469,198	164,0241	2575	216,3	-52,2759
6088,5386	2876	33X	516442,6047	8551474,933	164,4177	2575	216,3	-51,8823
6094,3194	2877	33X	516444,8841	8551480,233	164,7759	2575	216,3	-51,5241
6099,9438	2878	33X	516447,1328	8551485,377	165,1193	2580	216,72	-51,6007
6105,7182	2879	33X	516449,4756	8551490,643	165,4687	2580	216,72	-51,2513
6111,9485	2880	33X	516452,0372	8551496,31	165,8449	2585	217,14	-51,2951
6118,8474	2881	33X	516454,905	8551502,571	166,2622	2585	217,14	-50,8778
6126,2533	2882	33X	516458,0163	8551509,277	166,7105	2585	217,14	-50,4295
6133,9113	2883	33X	516461,271	8551516,193	167,1734	2590	217,56	-50,3866
6141,5667	2884	33X	516464,5692	8551523,086	167,6345	2590	217,56	-49,9255
6149,0279	2885	33X	516467,8368	8551529,779	168,0802	2590	217,56	-49,4798
6156,3549	2886	33X	516471,1044	8551536,323	168,5098	2595	217,98	-49,4702
6163,6711	2887	33X	516474,4287	8551542,827	168,9252	2595	217,98	-49,0548
6171,0999	2888	33X	516477,8666	8551549,4	169,3286	2600	218,4	-49,0714
6178,7029	2889	33X	516481,4441	8551556,098	169,721	2600	218,4	-48,679
6186,2948	2890	33X	516485,0647	8551562,76	170,0992	2600	218,4	-48,3008
6193,6285	2891	33X	516488,6013	8551569,174	170,4589	2605	218,82	-48,3611
6200,4563	2892	33X	516491,9269	8551575,128	170,7957	2610	219,24	-48,4443
6206,6223	2893	33X	516494,9608	8551580,487	171,1083	2620	220,08	-48,9717
6212,3351	2894	33X	516497,8082	8551585,43	171,4064	2625	220,5	-49,0936
6217,895	2895	33X	516500,6207	8551590,217	171,7026	2635	221,34	-49,6374
6223,6023	2896	33X	516503,5499	8551595,106	172,0096	2640	221,76	-49,7504
6229,7571	2897	33X	516506,7475	8551600,355	172,3399	2650	222,6	-50,2601
6236,5676	2898	33X	516510,3185	8551606,143	172,7019	2655	223,02	-50,3181
6243,8741	2899	33X	516514,1818	8551612,332	173,0863	2665	223,86	-50,7737
6251,4253	2900	33X	516518,2099	8551618,707	173,4798	2670	224,28	-50,8002
6258,9698	2901	33X	516522,2752	8551625,051	173,8688	2680	225,12	-51,2512
6266,3197	2902	33X	516526,2834	8551631,2	174,2437	2685	225,54	-51,2963
6273,5405	2903	33X	516530,2741	8551637,207	174,6094	2695	226,38	-51,7706
6280,7612	2904	33X	516534,3202	8551643,177	174,975	2710	227,64	-52,665
6288,1108	2905	33X	516538,4946	8551649,214	175,3491	2720	228,48	-53,1309
6295,6551	2906	33X	516542,8325	8551655,374	175,7368	2735	229,74	-54,0032
6303,2062	2907	33X	516547,2183	8551661,509	176,1266	2745	230,58	-54,4534
6310,5129	2908	33X	516551,4988	8551667,418	176,5033	2760	231,84	-55,3367
6317,3237	2909	33X	516555,5208	8551672,904	176,8516	2770	232,68	-55,8284
6323,479	2910	33X	516559,1865	8551677,839	177,1591	2785	233,94	-56,7809
6329,1861	2911	33X	516562,6204	8551682,39	177,4253	2795	234,78	-57,3547
6334,7444	2912	33X	516566,0023	8551686,795	177,6525	2810	236,04	-58,3875
6340,4535	2913	33X	516569,5124	8551691,293	177,843	2815	236,46	-58,617
6346,6128	2914	33X	516573,3304	8551696,124	177,999	2825	237,3	-59,301
6353,4317	2915	33X	516577,582	8551701,454	178,1227	2835	238,14	-60,0173
6360,7585	2916	33X	516582,1753	8551707,161	178,2146	2840	238,56	-60,3454
6368,351	2917	33X	516586,9641	8551713,053	178,2749	2850	239,4	-61,1251
6375,9674	2918	33X	516591,8019	8551718,936	178,3039	2860	240,24	-61,9361
6383,4269	2919	33X	516596,5798	8551724,664	178,3017	2865	240,66	-62,3583
6390,7935	2920	33X	516601,3378	8551730,288	178,2675	2875	241,5	-63,2325
6398,1923	2921	33X	516606,1531	8551735,905	178,2004	2885	242,34	-64,1396
6405,7483	2922	33X	516611,1029	8551741,613	178,0994	2890	242,76	-64,6606
6413,5216	2923	33X	516616,2217	8551747,461	177,9656	2900	243,6	-65,6344
6421,3135	2924	33X	516621,3734	8551753,305	177,8073	2910	244,44	-66,6327
6428,8604	2925	33X	516626,3793	8551758,95	177,6348	2915	244,86	-67,2252
6435,8986	2926	33X	516631,0605	8551764,203	177,4584	2925	245,7	-68,2416
6442,26	2927	33X	516635,3023	8551768,94	178,0362	2930	246,12	-68,0838
6448,159	2928	33X	516639,246	8551773,324	177,8683	2930	246,12	-68,2517
6453,9055	2929	33X	516643,0969	8551777,586	177,7023	2935	246,54	-68,8377
6459,8095	2930	33X	516647,0605	8551781,959	177,5361	2935	246,54	-69,0039
6466,1808	2931	33X	516651,342	8551786,674	177,3674	2935	246,54	-69,1726
6473,2341	2932	33X	516656,083	8551791,893	177,1954	2940	246,96	-69,7646
6480,8027	2933	33X	516661,1696	8551797,495	177,0249	2940	246,96	-69,9351
6488,6246	2934	33X	516666,4242	8551803,287	176,8624	2940	246,96	-70,0976
6496,4379	2935	33X	516671,6692	8551809,076	176,7141	2935	246,54	-69,8259
6504,0453	2936	33X	516676,7702	8551814,719	176,5846	2930	246,12	-69,5354
6511,5087	2937	33X	516681,7661	8551820,262	176,473	2925	245,7	-69,227
6518,9547	2938	33X	516686,7395	8551825,803	176,3763	2920	245,28	-68,9037
6526,5102	2939	33X	516691,7727	8551831,437	176,2918	2915	244,86	-68,5682
6534,2387	2940	33X	516696,9069	8551837,213	176,2173	2910	244,44	-68,2227
6541,9514	2941	33X	516702,0187	8551842,988	176,1517	2910	244,44	-68,2883
6549,3965	2942	33X	516706,9439	8551848,571	176,0945	2905	244,02	-67,9255
6556,3221	2943	33X	516711,5178	8551853,771	176,0451	2900	243,6	-67,5549
6562,5696	2944	33X	516715,6376	8551858,468	176,0034	2895	243,18	-67,1766
6568,3544	2945	33X	516719,4462	8551862,822	175,9705	2890	242,76	-66,7895
6573,9852	2946	33X	516723,148	8551867,065	175,9483	2885	242,34	-66,3917
6579,7707	2947	33X	516726,9473	8551871,428	175,9382	2880	241,92	-65,9818
6586,0198	2948	33X	516731,0487	8551876,143	175,942	2870	241,08	-65,138
6592,9472	2949	33X	516735,5949	8551881,369	175,9602	2865	240,66	-64,6998
6600,3918	2950	33X	516740,4827	8551886,985	175,9882	2860	240,24	-64,2518
6608,0988	2951	33X	516745,5473	8551892,794	176,0202	2855	239,82	-63,7998
6615,8129	2952	33X	516750,624	8551898,602	176,8003	2850	239,4	-62,5997
6623,3442	2953	33X	516755,5905	8551904,264	176,8238	2845	238,98	-62,1562
6630,7619	2954	33X	516760,495	8551909,828	176,8388	2840	238,56	-61,7212
6638,2001	2955	33X	516765,4283	8551915,395	176,8445	2840	238,56	-61,7155
6645,7932	2956	33X	516770,4812	8551921,063	176,84	2835	238,14	-61,3
6653,6092	2957	33X	516775,6996	8551926,882	176,8255	2835	238,14	-61,3145
6661,4522	2958	33X	516780,9501	8551932,708	176,8046	2830	237,72	-60,9154
6669,0602	2959	33X	516786,0545	8551938,349	176,7821	2830	237,72	-60,9379
6676,1711	2960	33X	516790,8346	8551943,614	176,7628	2825	237,3	-60,5372
6682,6187	2961	33X	516795,1776	8551948,38	176,7492	2825	237,3	-60,5508
6688,6215	2962	33X	516799,232	8551952,806	176,7357	2820	236,88	-60,1443
6694,4936	2963	33X	516803,2117	8551957,124	176,7147	2805	235,62	-58,9053
6700,5494	2964	33X	516807,3308	8551961,563	177,4285	2790	234,36	-56,9315
6707,1033	2965	33X	516811,8031	8551966,353	177,3693	2775	233,1	-55,7307
6714,373	2966	33X	516816,7765	8551971,655	177,2805	2760	231,84	-54,5595
6722,1887	2967	33X	516822,1349	8551977,343	177,1599	2740	230,16	-53,0001
6730,284	2968	33X	516827,696	8551983,224	177,0063	2725	228,9	-51,8937
6738,3926	2969	33X	516833,2775	8551989,103	176,8185	2710	227,64	-50,8215
6746,3151	2970	33X	516838,7429	8551994,834	176,596	2695	226,38	-49,784
6754,1203	2971	33X	516844,1384	8552000,468	176,3412	2680	225,12	-48,7788
6761,9436	2972	33X	516849,5557	8552006,105	176,057	2660	223,44	-47,383
6769,9205	2973	33X	516855,0868	8552011,845	175,7466	2645	222,18	-46,4334
6778,1178	2974	33X	516860,776	8552017,737	175,415	2630	220,92	-45,505
6786,3281	2975	33X	516866,4784	8552023,634	175,0753	2615	219,66	-44,5847
6794,2752	2976	33X	516872,0014	8552029,339	174,7427	2595	217,98	-43,2373
6801,6831	2977	33X	516877,1526	8552034,653	174,4322	2580	216,72	-42,2878
6808,3759	2978	33X	516881,8092	8552039,452	174,1543	2560	215,04	-40,8857
6814,5783	2979	33X	516886,1271	8552043,898	173,9009	2545	213,78	-39,8791
6820,6156	2980	33X	516890,3315	8552048,224	174,4093	2525	212,1	-37,6907
6826,8126	2981	33X	516894,6478	8552052,664	174,1665	2510	210,84	-36,6735
6833,4946	2982	33X	516899,3015	8552057,452	173,9099	2495	209,58	-35,6701
6840,8867	2983	33X	516904,4493	8552062,749	174,3812	2475	207,9	-33,5188
6848,8148	2984	33X	516909,9732	8552068,429	174,0907	2460	206,64	-32,5493
6857,0052	2985	33X	516915,6865	8552074,291	173,8032	2440	204,96	-31,1568
6865,1841	2986	33X	516921,4027	8552080,134	173,5336	2425	203,7	-30,1664
6873,146	2987	33X	516926,9817	8552085,809	174,0433	2420	203,28	-29,2367
6880,9588	2988	33X	516932,4697	8552091,366	173,8298	2415	202,86	-29,0302
6888,7584	2989	33X	516937,9595	8552096,903	173,6371	2410	202,44	-28,8029
6896,6809	2990	33X	516943,5441	8552102,52	173,459	2405	202,02	-28,561
6904,795	2991	33X	516949,2693	8552108,267	173,2909	2400	201,6	-28,3091
6912,9006	2992	33X	516954,9934	8552114,004	173,1322	2395	201,18	-28,0478
6920,7303	2993	33X	516960,5279	8552119,54	173,7339	2390	200,76	-27,0261
6928,0167	2994	33X	516965,6841	8552124,687	173,5968	2380	199,92	-26,3232
6934,591	2995	33X	516970,343	8552129,323	173,4707	2370	199,08	-25,6093
6940,6792	2996	33X	516974,6634	8552133,611	173,352	2360	198,24	-24,888
6946,6061	2997	33X	516978,8737	8552137,781	173,236	2355	197,82	-24,584
6952,6963	2998	33X	516983,2023	8552142,064	173,1182	2345	196,98	-23,8618
6959,2745	2999	33X	516987,8775	8552146,69	172,994	2335	196,14	-23,146
6966,5666	3000	33X	516993,0582	8552151,82	172,8602	2325	195,3	-22,4398
6974,4031	3001	33X	516998,6252	8552157,333	172,7197	2315	194,46	-21,7403
6982,5158	3002	33X	517004,3896	8552163,04	172,5771	2310	194,04	-21,4629
6990,6364	3003	33X	517010,1627	8552168,749	172,4366	2300	193,2	-20,7634
6998,5636	3004	33X	517015,802	8552174,319	172,301	2290	192,36	-20,059
7006,3625	3005	33X	517021,3509	8552179,797	172,1665	2280	191,52	-19,3535
7014,1652	3006	33X	517026,899	8552185,282	172,0277	2270	190,68	-18,6523
7022,1039	3007	33X	517032,536	8552190,87	171,8791	2265	190,26	-18,3809
7030,2436	3008	33X	517038,3053	8552196,61	171,7177	2255	189,42	-17,7023
7038,3822	3009	33X	517044,0652	8552202,357	171,5508	2245	188,58	-17,0292
7046,251	3010	33X	517049,628	8552207,92	171,3883	2235	187,74	-16,3517
7053,5807	3011	33X	517054,8058	8552213,106	171,2399	2215	186,06	-14,8201
7060,2008	3012	33X	517059,4795	8552217,793	171,1131	2195	184,38	-13,2669
7066,3337	3013	33X	517063,8057	8552222,138	171,006	2175	182,7	-11,694
7072,3002	3014	33X	517068,0097	8552226,371	170,9144	2155	181,02	-10,1056
7078,4211	3015	33X	517072,3167	8552230,72	170,834	2135	179,34	-8,506
7085,0171	3016	33X	517076,9521	8552235,412	170,7606	2115	177,66	-6,8994
7092,3104	3017	33X	517082,072	8552240,605	169,9415	2095	175,98	-6,0385
7100,1282	3018	33X	517087,5559	8552246,177	169,8801	2090	175,56	-5,6799
7108,1987	3019	33X	517093,2138	8552251,932	169,8315	2080	174,72	-4,8885
7116,2507	3020	33X	517098,8561	8552257,676	169,8005	2070	173,88	-4,0795
7124,0798	3021	33X	517104,3398	8552263,264	169,7921	2065	173,46	-3,6679
7131,7518	3022	33X	517109,7098	8552268,743	169,8099	2055	172,62	-2,8101
7139,3995	3023	33X	517115,0579	8552274,209	169,8577	2045	171,78	-1,9223
7147,1559	3024	33X	517120,4761	8552279,759	169,9391	2035	170,94	-1,0009
7155,0885	3025	33X	517126,0104	8552285,441	170,055	2030	170,52	-0,465
7163,0016	3026	33X	517131,5246	8552291,115	170,1958	2020	169,68	0,5158
7170,6339	3027	33X	517136,8364	8552296,593	170,3489	2010	168,84	1,5089
7177,7241	3028	33X	517141,764	8552301,689	170,5019	2005	168,42	2,0819
7184,1065	3029	33X	517146,1922	8552306,283	170,6463	1995	167,58	3,0663
7189,9987	3030	33X	517150,2736	8552310,53	170,7901	1990	167,16	3,6301
7195,7139	3031	33X	517154,2278	8552314,654	170,1948	1980	166,32	3,8748
7201,5655	3032	33X	517158,2744	8552318,877	170,3724	1975	165,9	4,4724
7207,8668	3033	33X	517162,6329	8552323,423	170,5847	1965	165,06	5,5247
7214,8362	3034	33X	517167,4565	8552328,447	170,8397	1955	164,22	6,6197
7222,3114	3035	33X	517172,633	8552333,832	171,1306	1950	163,8	7,3306
7230,0352	3036	33X	517177,9838	8552339,393	171,4468	1940	162,96	8,4868
7237,7502	3037	33X	517183,3303	8552344,945	171,7779	1935	162,54	9,2379
7245,2635	3038	33X	517188,5377	8552350,351	172,1148	1925	161,7	10,4148
7252,6384	3039	33X	517193,6466	8552355,659	172,4548	1920	161,28	11,1748
7260,0028	3040	33X	517198,7413	8552360,965	172,7969	1915	160,86	11,9369
7267,4844	3041	33X	517203,906	8552366,368	173,1399	1910	160,44	12,6999
7275,1488	3042	33X	517209,1833	8552371,915	173,4815	1905	160,02	13,4615
7282,8129	3043	33X	517214,4483	8552377,475	173,814	1900	159,6	14,214
7290,2315	3044	33X	517219,5344	8552382,866	174,1284	1895	159,18	14,9484
7297,1593	3045	33X	517224,2749	8552387,91	174,4159	1890	158,76	15,6559
7303,4406	3046	33X	517228,5638	8552392,492	174,6714	1885	158,34	16,3314
7309,2773	3047	33X	517232,5379	8552396,76	174,9046	1880	157,92	16,9846
7314,9609	3048	33X	517236,3948	8552400,929	175,1293	1875	157,5	17,6293
7320,7826	3049	33X	517240,3321	8552405,211	175,3591	1870	157,08	18,2791
7327,0341	3050	33X	517244,5472	8552409,821	175,6078	1865	156,66	18,9478
7333,9281	3051	33X	517249,185	8552414,915	175,8848	1860	156,24	19,6448
7341,3625	3052	33X	517254,1792	8552420,414	176,1829	1855	155,82	20,3629
7349,1568	3053	33X	517259,4109	8552426,183	176,4909	1855	155,82	20,6709
7357,1304	3054	33X	517264,7609	8552432,087	176,7973	1830	153,72	23,0773
7365,1035	3055	33X	517270,1108	8552437,992	177,0925	1805	151,62	25,4725
7372,9003	3056	33X	517275,3437	8552443,765	177,3734	1785	149,94	27,4334
7380,3456	3057	33X	517280,3433	8552449,275	177,6388	1760	147,84	29,7988
7387,2644	3058	33X	517284,9932	8552454,393	177,8872	1740	146,16	31,7272
7393,5587	3059	33X	517289,2289	8552459,043	178,1198	1715	144,06	34,0598
7399,4385	3060	33X	517293,1929	8552463,379	178,3469	1695	142,38	35,9669
7405,1907	3061	33X	517297,0798	8552467,613	178,5816	1670	140,28	38,3016
7411,1024	3062	33X	517301,0839	8552471,955	178,8368	1650	138,6	40,2368
7417,4606	3063	33X	517305,3998	8552476,615	179,1255	1625	136,5	42,6255
7424,4655	3064	33X	517310,1629	8552481,741	179,457	1600	134,4	45,057
7431,9699	3065	33X	517315,2731	8552487,224	179,8262	1580	132,72	47,1062
7439,7399	3066	33X	517320,5714	8552492,893	180,2245	1555	130,62	49,6045
7447,5415	3067	33X	517325,8987	8552498,578	180,6434	1535	128,94	51,7034
7455,1876	3068	33X	517331,1271	8552504,14	181,0758	1510	126,84	54,2358
7462,6786	3069	33X	517336,2533	8552509,584	181,5215	1490	125,16	56,3615
7470,0616	3070	33X	517341,3048	8552514,949	181,9819	1470	123,48	58,5019
7477,3837	3071	33X	517346,3094	8552520,272	182,4585	1450	121,8	60,6585
7484,6925	3072	33X	517351,2962	8552525,593	182,9529	1425	119,7	63,2529
7492,0372	3073	33X	517356,3002	8552530,944	183,4677	1405	118,02	65,4477
7499,4674	3074	33X	517361,3577	8552536,361	184,006	1385	116,34	67,666
7507,0327	3075	33X	517366,505	8552541,877	184,5707	1370	115,08	69,4907
7514,7355	3076	33X	517371,746	8552547,491	185,1601	1355	113,82	71,3401
7522,3898	3077	33X	517376,954	8552553,068	185,7551	1340	112,56	73,1951
7529,7622	3078	33X	517381,9698	8552558,441	186,3317	1330	111,72	74,6117
7536,6196	3079	33X	517386,6342	8552563,439	186,8663	1315	110,46	76,4063
7542,8174	3080	33X	517390,8492	8552567,958	187,3428	1300	109,2	78,1428
7548,5671	3081	33X	517394,7615	8552572,149	187,7765	1285	107,94	79,8365
7554,1688	3082	33X	517398,5789	8552576,227	188,1906	1270	106,68	81,5106
7559,9226	3083	33X	517402,5092	8552580,409	187,8581	1255	105,42	82,4381
7566,1288	3084	33X	517406,7603	8552584,909	188,3021	1245	104,58	83,7221
7572,996	3085	33X	517411,4761	8552589,877	188,7884	1230	103,32	85,4684
7580,3664	3086	33X	517416,5445	8552595,203	189,3024	1215	102,06	87,2424
7587,9905	3087	33X	517421,7894	8552600,712	189,8225	1195	100,38	89,4425
7595,6187	3088	33X	517427,0348	8552606,228	190,3269	1170	98,28	92,0469
7603,064	3089	33X	517432,1482	8552611,619	190,0491	1150	96,6	93,4491
7610,3878	3090	33X	517437,171	8552616,93	190,4943	1125	94,5	95,9943
7617,7142	3091	33X	517442,1885	8552622,252	190,1728	1105	92,82	97,3528
7625,1668	3092	33X	517447,2856	8552627,672	189,8453	1080	90,72	99,1253
7632,8067	3093	33X	517452,5044	8552633,236	190,2683	1060	89,04	101,2283
7640,4432	3094	33X	517457,7145	8552638,804	189,9337	1035	86,94	102,9937
7647,8229	3095	33X	517462,7427	8552644,191	189,5795	1015	85,26	104,3195
7654,6924	3096	33X	517467,4155	8552649,213	189,1937	990	83,16	106,0337
7660,891	3097	33X	517471,623	8552653,753	189,5207	970	81,48	108,0407
7666,6288	3098	33X	517475,5087	8552657,964	189,831	945	79,38	110,451
7672,2085	3099	33X	517479,2797	8552662,064	189,4014	925	77,7	111,7014
7677,933	3100	33X	517483,1429	8552666,273	189,7589	900	75,6	114,1589
7684,1053	3101	33X	517487,3052	8552670,811	190,1804	880	73,92	116,2604
7690,9347	3102	33X	517491,9107	8552675,829	191,4346	855	71,82	119,6146
7698,2555	3103	33X	517496,8511	8552681,201	192,758	835	70,14	122,618
7705,8084	3104	33X	517501,9553	8552686,733	193,3791	810	68,04	125,3391
7713,334	3105	33X	517507,0522	8552692,232	194,0262	805	67,62	126,4062
7720,6368	3106	33X	517512,0136	8552697,55	194,6832	795	66,78	127,9032
7727,7769	3107	33X	517516,8842	8552702,728	195,3552	785	65,94	129,4152
7734,8787	3108	33X	517521,7515	8552707,852	196,0531	780	65,52	130,5331
7742,0662	3109	33X	517526,7032	8552713,01	196,7876	770	64,68	132,1076
7749,404	3110	33X	517531,7844	8552718,247	197,5634	760	63,84	133,7234
7756,7176	3111	33X	517536,8702	8552723,441	198,3628	755	63,42	134,9428
7763,7724	3112	33X	517541,7928	8552728,431	199,9118	745	62,58	137,3318
7770,3343	3113	33X	517546,3847	8552733,054	200,6868	735	61,74	138,9468
7776,256	3114	33X	517550,5406	8552737,208	201,4224	730	61,32	140,1024
7781,7402	3115	33X	517554,4041	8552741,034	202,8872	720	60,48	142,4072
7787,0763	3116	33X	517558,1812	8552744,734	203,6078	710	59,64	143,9678
7792,5539	3117	33X	517562,0778	8552748,51	204,3614	700	58,8	145,5614
7798,4624	3118	33X	517566,2998	8552752,562	205,9247	695	58,38	147,5447
7805,0029	3119	33X	517570,9906	8552757,033	206,814	685	57,54	149,274
7812,0231	3120	33X	517576,0434	8552761,815	207,7534	675	56,7	151,0534
7819,2827	3121	33X	517581,2887	8552766,743	209,4563	670	56,28	153,1763
7826,5413	3122	33X	517586,5571	8552771,648	210,3862	660	55,44	154,9462
7833,6208	3123	33X	517591,723	8552776,408	212,0174	650	54,6	157,4174
7840,5927	3124	33X	517596,8358	8552781,071	212,8687	645	54,18	158,6887
7847,5904	3125	33X	517601,9887	8552785,729	214,4697	635	53,34	161,1297
7854,7473	3126	33X	517607,2751	8552790,472	215,3501	625	52,5	162,8501
7862,1319	3127	33X	517612,7406	8552795,351	217,028	620	52,08	164,948
7869,5533	3128	33X	517618,2415	8552800,242	217,9752	610	51,24	166,7352
7876,7554	3129	33X	517623,5864	8552804,979	219,6518	600	50,4	169,2518
7883,4825	3130	33X	517628,584	8552809,398	219,7679	595	49,98	169,7879
7889,571	3131	33X	517633,1113	8552813,394	219,0471	585	49,14	169,9071
7895,2276	3132	33X	517637,3187	8552817,106	219,0172	575	48,3	170,7172
7900,7514	3133	33X	517641,4248	8552820,734	218,9691	570	47,88	171,0891
7906,4416	3134	33X	517645,6482	8552824,477	218,944	555	46,62	172,324
7912,5972	3135	33X	517650,2075	8552828,537	219,733	545	45,78	173,953
7919,4261	3136	33X	517655,2533	8552833,053	220,6157	535	44,94	175,6757
7926,7705	3137	33X	517660,6638	8552837,927	220,8254	525	44,1	176,7254
7934,3815	3138	33X	517666,2493	8552842,997	221,8338	515	43,26	178,5738
7942,0102	3139	33X	517671,8198	8552848,107	222,8627	505	42,42	180,4427
7949,4692	3140	33X	517677,2319	8552853,136	224,6403	495	41,58	183,0603
7956,8162	3141	33X	517682,5273	8552858,124	225,6695	485	40,74	184,9295
7964,17	3142	33X	517687,794	8552863,15	226,7099	475	39,9	186,8099
7971,6497	3143	33X	517693,12	8552868,293	227,7709	465	39,06	188,7109
7979,3119	3144	33X	517698,5501	8552873,589	228,8548	450	37,8	191,0548
7986,9662	3145	33X	517703,9565	8552878,899	229,9348	440	36,96	192,9748
7994,3598	3146	33X	517709,1683	8552884,039	230,9772	430	36,12	194,8572
8001,2401	3147	33X	517714,0144	8552888,825	231,9482	420	35,28	196,6682
8007,4478	3148	33X	517718,3892	8552893,141	232,8265	410	34,44	198,3865
8013,1968	3149	33X	517722,4484	8552897,13	233,6418	400	33,6	200,0418
8018,7945	3150	33X	517726,4128	8552901,001	234,4359	390	32,76	201,6759
8024,5484	3151	33X	517730,5035	8552904,965	235,2511	380	31,92	203,3311
8030,7658	3152	33X	517734,9413	8552909,23	236,1294	370	31,08	205,0494
8037,6613	3153	33X	517739,8812	8552913,942	237,0999	360	30,24	206,8599
8045,0777	3154	33X	517745,2138	8552918,99	238,1405	345	28,98	209,1605
8052,7648	3155	33X	517750,7637	8552924,199	239,2161	335	28,14	211,0761
8060,4726	3156	33X	517756,3554	8552929,394	240,2913	325	27,3	212,9913
8068,0131	3157	33X	517761,858	8552934,442	241,3384	310	26,04	215,2984
8075,4474	3158	33X	517767,3181	8552939,384	242,3582	295	24,78	217,5782
8082,8985	3159	33X	517772,8266	8552944,301	244,109	280	23,52	220,589
8090,4895	3160	33X	517778,4746	8552949,275	245,849	265	22,26	223,589
8098,2804	3161	33X	517784,3051	8552954,348	246,8311	255	21,42	225,4111
8106,0785	3162	33X	517790,1693	8552959,399	246,2881	240	20,16	226,1281
8113,6274	3163	33X	517795,8706	8552964,262	245,6973	225	18,9	226,7973
8120,6708	3164	33X	517801,2122	8552968,776	245,0362	210	17,64	227,3962
8127,0475	3165	33X	517806,0699	8552972,837	244,2931	200	16,8	227,4931
8132,9762	3166	33X	517810,6095	8552976,585	243,4997	185	15,54	227,9597
8138,7706	3167	33X	517815,0692	8552980,218	242,6987	170	14,28	228,4187
8144,7447	3168	33X	517819,6873	8552983,936	241,9324	155	13,02	228,9124
8151,2122	3169	33X	517824,7022	8552987,938	241,2435	140	11,76	229,4835
8158,3895	3170	33X	517830,2767	8552992,365	241,4113	130	10,92	230,4913
8166,105	3171	33X	517836,2727	8552997,117	240,9118	115	9,66	231,2518
8174,0897	3172	33X	517842,4767	8553002,033	241,2078	100	8,4	232,8078
8182,0748	3173	33X	517848,6751	8553006,956	242,2621	85	7,14	235,1221
8189,8588	3174	33X	517854,7061	8553011,767	243,2976	75	6,3	236,9976
8197,5103	3175	33X	517860,6146	8553016,518	243,5773	60	5,04	238,5373
8205,1657	3176	33X	517866,4971	8553021,304	244,6243	45	3,78	240,8443
8212,9615	3177	33X	517872,4501	8553026,219	245,7117	35	2,94	242,7717
8220,9669	3178	33X	517878,522	8553031,31	246,1019	20	1,68	244,4219
8228,981	3179	33X	517884,568	8553036,441	247,2639	10	0,84	246,4239
								0
								0
								0
								0
								0
								0
								0
								0
								0
								0
								0
								0
								0
								0
								0
								0
								0
								0
								0
								0
								0
								0
								0
								0
								0
								0
								0
								0
								0
								0
								0
								0
								0
								0
								0
								0
								0
								0
								0
								0
								0
								0
								0
								0
								0
								0
								0
								0
								0
								0
								0
								0
								0
								0
								0
								0
								0
								0
								0
								0
								0
								0
								0
								0
								0
								0
								0
								0
								0
								0
								0
								0
								0
								0
								0
								0
								0
								0
								0
								0
								0
								0
								0
								0
								0
								0
								0
								0
								0
								0
								0
								0
								0
								0
								0
								0
								0
								0
								0
								0
								0
								0
								0
								0
								0
								0
								0
								0
								0
								0
								0
								0
								0
								0
								0
								0
								0
								0
								0
								0
								0
								0
								0
								0
								0
								0
								0
								0
								0
								0
								0
								0
								0
								0
								0
								0
								0
								0
								0
								0
								0
								0
								0
								0
								0
								0
								0
								0
								0
								0
								0
								0
								0
								0
								0
								0
								0
								0
								0
								0
								0
								0
								0
								0
								0
								0
								0
								0
								0
								0
								0
								0
								0
								0
								0
								0
								0
								0
								0
								0
								0
								0
								0
								0
								0
								0
								0
								0
								0
								0
								0
								0
								0
								0
								0
								0
								0
								0
								0
								0
								0
								0
								0
								0
								0
								0
								0
								0
								0
								0
								0
								0
								0
								0
								0
								0
								0
								0
								0
								0
								0
								0
								0
								0
								0
								0
								0
								0
								0
								0
								0
								0
								0
								0
								0
								0
								0
								0
								0
								0
								0
								0
								0
								0
								0
								0
								0
								0
								0
								0
								0
								0
								0
								0
								0
								0
								0
								0
								0
								0
								0
								0
								0
								0
								0
								0
								0
								0
								0
								0
								0
								0
								0
								0
								0
								0
								0
								0
								0
								0
								0
								0
								0
								0
								0
								0
								0
								0
								0
								0
								0
								0
								0
								0
								0
								0
								0
								0
								0
								0
								0
								0
								0
								0
								0
								0
								0
								0
								0
								0
								0
								0
								0
								0
								0
								0
								0
								0
								0
								0
								0
								0
								0
								0
								0
								0
								0
								0
								0
								0
								0
								0
								0
								0
								0
								0
								0
								0
								0
								0
								0
								0
								0
								0
								0
								0
								0
								0
								0
								0
								0
								0
								0
								0
								0
								0
								0
								0
								0
								0
								0
								0
								0
								0
								0
								0
								0
								0
								0
								0
								0
								0
								0
								0
								0
								0
								0
								0
								0
								0
								0
								0
								0
								0
								0
								0
								0
								0
								0
								0
								0
								0
								0
								0
								0
								0
								0
								0
								0
								0
								0
								0
								0
								0
								0
								0
								0
								0
								0
								0
								0
								0
								0
								0
								0
								0
								0
								0
								0
								0
								0
								0
								0
								0
								0
								0
								0
								0
								0
								0
								0
								0
								0
								0
								0
								0
								0
								0
								0
								0
								0
								0
								0
								0
								0
								0
								0
								0
								0
								0
								0
								0
								0
								0
								0
								0
								0
								0
								0
								0
								0
								0
								0
								0
								0
								0
								0
								0
								0
								0
								0
								0
								0
								0
								0
								0
								0
								0
								0
								0
								0
								0
								0
								0
								0
								0
								0
								0
								0
								0
								0
								0
								0
								0
								0
								0
								0
								0
								0
								0
								0
								0
								0
								0
								0
								0
								0
								0
								0
								0
								0
								0
								0
								0
								0
								0
								0
								0
								0
								0
								0
								0
								0
								0
								0
								0
								0
								0
								0
								0
								0
								0
								0
								0
								0
								0
								0
								0
								0
								0
								0
								0
								0
								0
								0
								0
								0
								0
								0
								0
								0
								0
								0
								0
								0
								0
								0
								0
								0
								0
								0
								0
								0
								0
								0
								0
								0
								0
								0
								0
								0
								0
								0
								0
								0
								0
								0
								0
								0
								0
								0
								0
								0
								0
								0
								0
								0
								0
								0
								0
								0
								0
								0
								0
								0
								0
								0
								0
								0
								0
								0
								0
								0
								0
								0
								0
								0
								0
								0
								0
								0
								0
								0
								0
								0
								0
								0
								0
								0
								0
								0
								0
								0
								0
								0
								0
								0
								0
								0
								0
								0
								0
								0
								0
								0
								0
								0
								0
								0
								0
								0
								0
								0
								0
								0
								0
								0
								0
								0
								0
								0
								0
								0
								0
								0
								0
								0
								0
								0
								0
								0
								0
								0
								0
								0
								0
								0
								0
								0
								0
								0
								0
								0
								0
								0
								0
								0
								0
								0
								0
								0
								0
								0
								0
								0
								0
								0
								0
								0
								0
								0
								0
								0
								0
								0
								0
								0
								0
								0
								0
								0
								0
								0
								0
								0
								0
								0
								0
								0
								0
								0
								0
								0
								0
								0
								0
								0
								0
								0
								0
								0
								0
								0
								0
								0
								0
								0
								0
								0
								0
								0
								0
								0
								0
								0
								0
								0
								0
								0
								0
								0
								0
								0
								0
								0
								0
								0
								0
								0
								0
								0
								0
								0
								0
								0
								0
								0
								0
								0
								0
								0
								0
								0
								0
								0
								0
								0
								0
								0
								0
								0
								0
								0
								0
								0
								0
								0
								0
								0
								0
								0
								0
								0
								0
								0
								0
								0
								0
								0
								0
								0
								0
								0
								0
								0
								0
								0
								0
								0
								0
								0
								0
								0
								0
								0
								0
								0
								0
								0
								0
								0
								0
								0
								0
								0
								0
								0
								0
								0
								0
								0
								0
								0
								0
								0
								0
								0
								0
								0
								0
								0
								0
								0
								0
								0
								0
								0
								0
								0
								0
								0
								0
								0
								0
								0
								0
								0
								0
								0
								0
								0
								0
								0
								0
								0
								0
								0
								0
								0
								0
								0
								0
								0
								0
								0
								0
								0
								0
								0
								0
								0
								0
								0
								0
								0
								0
								0
								0
								0
								0
								0
								0
								0
								0
								0
								0
								0
								0
								0
								0
								0
								0
								0
								0
								0
								0
								0
								0
								0
								0
								0
								0
								0
								0
								0
								0
								0
								0
								0
								0
								0
								0
								0
								0
								0
								0
								0
								0
								0
								0
								0
								0
								0
								0
								0
								0
								0
								0
								0
								0
								0
								0
								0
								0
								0
								0
								0
								0
								0
								0
								0
								0
								0
								0
								0
								0
								0
								0
								0
								0
								0
								0
								0
								0
								0
								0
								0
								0
								0
								0
								0
								0
								0
								0
								0
								0
								0
								0
								0
								0
								0
								0
								0
								0
								0
								0
								0
								0
								0
								0
								0
								0
								0
								0
								0
								0
								0
								0
								0
								0
								0
								0
								0
								0
								0
								0
								0
								0
								0
								0
								0
								0
								0
								0
								0
								0
								0
								0
								0
								0
								0
								0
								0
								0
								0
								0
								0
								0
								0
								0
								0
								0
								0
								0
								0
								0
								0
								0
								0
								0
								0
								0
								0
								0
								0
								0
								0
								0
								0
								0
								0
								0
								0
								0
								0
								0
								0
								0
								0
								0
								0
								0
								0
								0
								0
								0
								0
								0
								0
								0
								0
								0
								0
								0
								0
								0
								0
								0
								0
								0
								0
								0
								0
								0
								0
								0
								0
								0
								0
								0
								0
								0
								0
								0
								0
								0
								0
								0
								0
								0
								0
								0
								0
								0
								0
								0
								0
								0
								0
								0
								0
								0
								0
								0
								0
								0
								0
								0
								0
								0
								0
								0
								0
								0
								0
								0
								0
								0
								0
								0
								0
								0
								0
								0
								0
								0
								0
								0
								0
								0
								0
								0
								0
								0
								0
								0
								0
								0
								0
								0
								0
								0
								0
								0
								0
								0
								0
								0
								0
								0
								0
								0
								0
								0
								0
								0
								0
								0
								0
								0
								0
								0
								0
								0
								0
								0
								0
								0
								0
								0
								0
								0
								0
								0
								0
								0
								0
								0
								0
								0
								0
								0
								0
								0
								0
								0
								0
								0
								0
								0
								0
								0
								0
								0
								0
								0
								0
								0
								0
								0
								0
								0
								0
								0
								0
								0
								0
								0
								0
								0
								0
								0
								0
								0
								0
								0
								0
								0
								0
								0
								0
								0
								0
								0
								0
								0
								0
								0
								0
								0
								0
								0
								0
								0
								0
								0
								0
								0
								0
								0
								0
								0
								0
								0
								0
								0
								0
								0
								0
								0
								0
								0
								0
								0
								0
								0
								0
								0
								0
								0
								0
								0
								0
								0
								0
								0
								0
								0
								0
								0
								0
								0
								0
								0
								0
								0
								0
								0
								0
								0
								0
								0
								0
								0
								0
								0
								0
								0
								0
								0
								0
								0
								0
								0
								0
								0
								0
								0
								0
								0
								0
								0
								0
								0
								0
								0
								0
								0
								0
								0
								0
								0
								0
								0
								0
								0
								0
								0
								0
								0
								0
								0
								0
								0
								0
								0
								0
								0
								0
								0
								0
								0
								0
								0
								0
								0
								0
								0
								0
								0
								0
								0
								0
								0
								0
								0
								0
								0
								0
								0
								0
								0
								0
								0
								0
								0
								0
								0
								0
								0
								0
								0
								0
								0
								0
								0
								0
								0
								0
								0
								0
								0
								0
								0
								0
								0
								0
								0
								0
								0
								0
								0
								0
								0
								0
								0
								0
								0
								0
								0
								0
								0
								0
								0
								0
								0
								0
								0
								0
								0
								0
								0
								0
								0
								0
								0
								0
								0
								0
								0
								0
								0
								0
								0
								0
								0
								0
								0
								0
								0
								0
								0
								0
								0
								0
								0
								0
								0
								0
								0
								0
								0
								0
								0
								0
								0
								0
								0
								0
								0
								0
								0
								0
								0
								0
								0
								0
								0
								0
								0
								0
								0
								0
								0
								0
								0
								0
								0
								0
								0
								0
								0
								0
								0
								0
								0
								0
								0
								0
								0
								0
								0
								0
								0
								0
								0
								0
								0
								0
								0
								0
								0
								0
								0
								0
								0
								0
								0
								0
								0
								0
								0
								0
								0
								0
								0
								0
								0
								0
								0
								0
								0
								0
								0
								0
								0
								0
								0
								0
								0
								0
								0
								0
								0
								0
								0
								0
								0
								0
								0
								0
								0
								0
								0
								0
								0
								0
								0
								0
								0
								0
								0
								0
								0
								0
								0
								0
								0
								0
								0
								0
								0
								0
								0
								0
								0
								0
								0
								0
								0
								0
								0
								0
								0
								0
								0
								0
								0
								0
								0
								0
								0
								0
								0
								0
								0
								0
								0
								0
								0
								0
								0
								0
								0
								0
								0
								0
								0
								0
								0
								0
								0
								0
								0
								0
								0
								0
								0
								0
								0
								0
								0
								0
								0
								0
								0
								0
								0
								0
								0
								0
								0
								0
								0
								0
								0
								0
								0
								0
								0
								0
								0
								0
								0
								0
								0
								0
								0
								0
								0
								0
								0
								0
								0
								0
								0
								0
								0
								0
								0
								0
								0
								0
								0
								0
								0
								0
								0
								0
								0
								0
								0
								0
								0
								0
								0
								0
								0
								0
								0
								0
								0
								0
								0
								0
								0
								0
								0
								0
								0
								0
								0
								0
								0
								0
								0
								0
								0
								0
								0
								0
								0
								0
								0
								0
								0
								0
								0
								0
								0
								0
								0
								0
								0
								0
								0
								0
								0
								0
								0
								0
								0
								0
								0
								0
								0
								0
								0
								0
								0
								0
								0
								0
								0
								0
								0
								0
								0
								0
								0
								0
								0
								0
								0
								0
								0
								0
								0
								0
								0
								0
								0
								0
								0
								0
								0
								0
								0
								0
								0
								0
								0
								0
								0
								0
								0
								0
								0
								0
								0
								0
								0
								0
								0
								0
								0
								0
								0
								0
								0
								0
								0
								0
								0
								0
								0
								0
								0
								0
								0
								0
								0
								0
								0
								0
								0
								0
								0
								0
								0
								0
								0
								0
								0
								0
								0
								0
								0
								0
								0
								0
								0
								0
								0
								0
								0
								0
								0
								0
								0
								0
								0
								0
								0
								0
								0
								0
								0
								0
								0
								0
								0
								0
								0
								0
								0
								0
								0
								0
								0
								0
								0
								0
								0
								0
								0
								0
								0
								0
								0
								0
								0
								0
								0
								0
								0
								0
								0
								0
								0
								0
								0
								0
								0
								0
								0
								0
								0
								0
								0
								0
								0
								0
								0
								0
								0
								0
								0
								0
								0
								0
								0
								0
								0
								0
								0
								0
								0
								0
								0
								0
								0
								0
								0
								0
								0
								0
								0
								0
								0
								0
								0
								0
								0
								0
								0
								0
								0
								0
								0
								0
								0
								0
								0
								0
								0
								0
								0
								0
								0
								0
								0
								0
								0
								0
								0
								0
								0
								0
								0
								0
								0
								0
								0
								0
								0
								0
								0
								0
								0
								0
								0
								0
								0
								0
								0
								0
								0
								0
								0
								0
								0
								0
								0
								0
								0
								0
								0
								0
								0
								0
								0
								0
								0
								0
								0
								0
								0
								0
								0
								0
								0
								0
								0
								0
								0
								0
								0
								0
								0
								0
								0
								0
								0
								0
								0
								0
								0
								0
								0
								0
								0
								0
								0
								0
								0
								0
								0
								0
								0
								0
								0
								0
								0
								0
								0
								0
								0
								0
								0
								0
								0
								0
								0
								0
								0
								0
								0
								0
								0
								0
								0
								0
								0
								0
								0
								0
								0
								0
								0
								0
								0
								0
								0
								0
								0
								0
								0
								0
								0
								0
								0
								0
								0
								0
								0
								0
								0
								0
								0
								0
								0
								0
								0
								0
								0
								0
								0
								0
								0
								0
								0
								0
								0
								0
								0
								0
								0
								0
								0
								0
								0
								0
								0
								0
								0
								0
								0
								0
								0
								0
								0
								0
								0
								0
								0
								0
								0
								0
								0
								0
								0
								0
								0
								0
								0
								0
								0
								0
								0
								0
								0
								0
								0
								0
								0
								0
								0
								0
								0
								0
								0
								0
								0
								0
								0
								0
								0
								0
								0
								0
								0
								0
								0
								0
								0
								0
								0
								0
								0
								0
								0
								0
								0
								0
								0
								0
								0
								0
								0
								0
								0
								0
								0
								0
								0
								0
								0
								0
								0
								0
								0
								0
								0
								0
								0
								0
								0
								0
								0
								0
								0
								0
								0
								0
								0
								0
								0
								0
								0
								0
								0
								0
								0
								0
								0
								0
								0
								0
								0
								0
								0
								0
								0
								0
								0
								0
								0
								0
								0
								0
								0
								0
								0
								0
								0
								0
								0
								0
								0
								0
								0
								0
								0
								0
								0
								0
								0
								0
								0
								0
								0
								0
								0
								0
								0
								0
								0
								0
								0
								0
								0
								0
								0
								0
								0
								0
								0
								0
								0
								0
								0
								0
								0
								0
								0
								0
								0
								0
								0
								0
								0
								0
								0
								0
								0
								0
								0
								0
								0
								0
								0
								0
								0
								0
								0
								0
								0
								0
								0
								0
								0
								0
								0
								0
								0
								0
								0
								0
								0
								0
								0
								0
								0
								0
								0
								0
								0
								0
								0
								0
								0
								0
								0
								0
								0
								0
								0
								0
								0
								0
								0
								0
								0
								0
								0
								0
								0
								0
								0
								0
								0
								0
								0
								0
								0
								0
								0
								0
								0
								0
								0
								0
								0
								0
								0
								0
								0
								0
								0
								0
								0
								0
								0
								0
								0
								0
								0
								0
								0
								0
								0
								0
								0
								0
								0
								0
								0
								0
								0
								0
								0
								0
								0
								0
								0
								0
								0
								0
								0
								0
								0
								0
								0
								0
								0
								0
								0
								0
								0
								0
								0
								0
								0
								0
								0
								0
								0
								0
								0
								0
								0
								0
								0
								0
								0
								0
								0
								0
								0
								0
								0
								0
								0
								0
								0
								0
								0
								0
								0
								0
								0
								0
								0
								0
								0
								0
								0
								0
								0
								0
								0
								0
								0
								0
								0
								0
								0
								0
								0
								0
								0
								0
								0
								0
								0
								0
								0
								0
								0
								0
								0
								0
								0
								0
								0
								0
								0
								0
								0
								0
								0
								0
								0
								0
								0
								0
								0
								0
								0
								0
								0
								0
								0
								0
								0
								0
								0
								0
								0
								0
								0
								0
								0
								0
								0
								0
								0
								0
								0
								0
								0
								0
								0
								0
								0
								0
								0
								0
								0
								0
								0
								0
								0
								0
								0
								0
								0
								0
								0
								0
								0
								0
								0
								0
								0
								0
								0
								0
								0
								0
								0
								0
								0
								0
								0
								0
								0
								0
								0
								0
								0
								0
								0
								0
								0
								0
								0
								0
								0
								0
								0
								0
								0
								0
								0
								0
								0
								0
								0
								0
								0
								0
								0
								0
								0
								0
								0
								0
								0
								0
								0
								0
								0
								0
								0
								0
								0
								0
								0
								0
								0
								0
								0
								0
								0
								0
								0
								0
								0
								0
								0
								0
								0
								0
								0
								0
								0
								0
								0
								0
								0
								0
								0
								0
								0
								0
								0
								0
								0
								0
								0
								0
								0
								0
								0
								0
								0
								0
								0
								0
								0
								0
								0
								0
								0
								0
								0
								0
								0
								0
								0
								0
								0
								0
								0
								0
								0
								0
								0
								0
								0
								0
								0
								0
								0
								0
								0
								0
								0
								0
								0
								0
								0
								0
								0
								0
								0
								0
								0
								0
								0
								0
								0
								0
								0
								0
								0
								0
								0
								0
								0
								0
								0
								0
								0
								0
								0
								0
								0
								0
								0
								0
								0
								0
								0
								0
								0
								0
								0
								0
								0
								0
								0
								0
								0
								0
								0
								0
								0
								0
								0
								0
								0
								0
								0
								0
								0
								0
								0
								0
								0
								0
								0
								0
								0
								0
								0
								0
								0
								0
								0
								0
								0
								0
								0
								0
								0
								0
								0
								0
								0
								0
								0
								0
								0
								0
								0
								0
								0
								0
								0
								0
								0
								0
								0
								0
								0
								0
								0
								0
								0
								0
								0
								0
								0
								0
								0
								0
								0
								0
								0
								0
								0
								0
								0
								0
								0
								0
								0
								0
								0
								0
								0
								0
								0
								0
								0
								0
								0
								0
								0
								0
								0
								0
								0
								0
								0
								0
								0
								0
								0
								0
								0
								0
								0
								0
								0
								0
								0
								0
								0
								0
