Dist	TrNo	Zone	X,m	Y,m	Alt, m	TD, ns	Hice, m	Bed,m
13170,955	2127	33X	517864,8264	8552286,964	213,6613	35	2,94	210,7213
13177,494	2128	33X	517860,9689	8552281,784	213,3855	45	3,78	209,6055
13184,219	2129	33X	517857,0014	8552276,457	213,0889	60	5,04	208,0489
13191,481	2130	33X	517852,7194	8552270,7	212,7136	70	5,88	206,8336
13199,53	2131	33X	517847,9789	8552264,315	212,2205	85	7,14	205,0805
13208,2	2132	33X	517842,8779	8552257,431	211,645	100	8,4	203,245
13217,22	2133	33X	517837,5745	8552250,261	211,0416	110	9,24	201,8016
13226,322	2134	33X	517832,2271	8552243,016	209,7145	125	10,5	199,2145
13235,286	2135	33X	517826,9629	8552235,87	209,2064	135	11,34	197,8664
13244,105	2136	33X	517821,7843	8552228,831	208,0139	150	12,6	195,4139
13252,822	2137	33X	517816,6627	8552221,871	206,1221	160	13,44	192,6821
13261,478	2138	33X	517811,5696	8552214,96	204,2663	175	14,7	189,5663
13270,119	2139	33X	517806,4746	8552208,065	202,4348	190	15,96	186,4748
13278,799	2140	33X	517801,3411	8552201,145	200,6301	200	16,8	183,8301
13287,575	2141	33X	517796,1307	8552194,158	198,858	215	18,06	180,798
13296,502	2142	33X	517790,8053	8552187,061	197,1243	225	18,9	178,2243
13305,583	2143	33X	517785,3612	8552179,854	195,436	240	20,16	175,276
13314,599	2144	33X	517779,934	8552172,709	193,8053	255	21,42	172,3853
13323,275	2145	33X	517774,6937	8552165,84	192,2454	265	22,26	169,9854
13331,339	2146	33X	517769,8106	8552159,464	190,7698	280	23,52	167,2498
13338,621	2147	33X	517765,39	8552153,713	188,6348	295	24,78	163,8548
13345,369	2148	33X	517761,278	8552148,393	187,3178	305	25,62	161,6978
13351,937	2149	33X	517757,2559	8552143,227	186,0394	320	26,88	159,1594
13358,679	2150	33X	517753,1051	8552137,939	184,0201	330	27,72	156,3001
13365,949	2151	33X	517748,6069	8552132,254	182,7302	345	28,98	153,7502
13373,993	2152	33X	517743,6099	8552125,977	181,3989	360	30,24	151,1589
13382,628	2153	33X	517738,2321	8552119,249	179,2896	370	31,08	148,2096
13391,562	2154	33X	517732,6591	8552112,294	177,9243	385	32,34	145,5843
13400,503	2155	33X	517727,0761	8552105,335	175,8252	395	33,18	142,6452
13409,235	2156	33X	517721,6234	8552098,538	174,509	410	34,44	140,069
13417,832	2157	33X	517716,2601	8552091,84	173,2217	425	35,7	137,5217
13426,443	2158	33X	517710,9001	8552085,122	171,2042	445	37,38	133,8242
13435,214	2159	33X	517705,4574	8552078,262	169,9472	470	39,48	130,4672
13444,219	2160	33X	517699,8905	8552071,201	167,9445	495	41,58	126,3645
13453,234	2161	33X	517694,336	8552064,119	165,952	515	43,26	122,692
13461,955	2162	33X	517688,9752	8552057,255	164,7287	540	45,36	119,3687
13470,084	2163	33X	517683,9893	8552050,851	162,7834	565	47,46	115,3234
13477,428	2164	33X	517679,4939	8552045,058	161,6216	585	49,14	112,4816
13484,238	2165	33X	517675,3416	8552039,674	159,7337	610	51,24	108,4937
13490,875	2166	33X	517671,3197	8552034,408	157,8571	630	52,92	104,9371
13497,698	2167	33X	517667,2151	8552028,971	156,7285	655	55,02	101,7085
13505,068	2168	33X	517662,8148	8552023,072	155,5853	680	57,12	98,4653
13513,235	2169	33X	517657,9709	8552016,51	154,4173	700	58,8	95,6173
13522,007	2170	33X	517652,7952	8552009,441	153,2269	725	60,9	92,3269
13531,082	2171	33X	517647,4642	8552002,111	152,0195	750	63	89,0195
13540,156	2172	33X	517642,1547	8551994,767	151,5502	770	64,68	86,8702
13549,003	2173	33X	517636,9983	8551987,594	150,3235	795	66,78	83,5435
13557,696	2174	33X	517631,9462	8551980,536	149,839	815	68,46	81,379
13566,384	2175	33X	517626,9047	8551973,478	148,5955	835	70,14	78,4555
13575,215	2176	33X	517621,7798	8551966,303	148,0919	855	71,82	76,2719
13584,264	2177	33X	517616,5229	8551958,956	146,8289	875	73,5	73,3289
13593,305	2178	33X	517611,2656	8551951,618	146,3154	900	75,6	70,7154
13602,038	2179	33X	517606,1845	8551944,534	145,8122	920	77,28	68,5322
13610,162	2180	33X	517601,4563	8551937,946	145,3304	940	78,96	66,3704
13617,485	2181	33X	517597,1957	8551932,007	144,8759	960	80,64	64,2359
13624,252	2182	33X	517593,2693	8551926,513	145,1843	980	82,32	62,8643
13630,816	2183	33X	517589,4815	8551921,17	144,7364	1000	84	60,7364
13637,531	2184	33X	517585,6369	8551915,686	144,2628	1020	85,68	58,5828
13644,749	2185	33X	517581,5399	8551909,766	144,4943	1045	87,78	56,7143
13652,717	2186	33X	517577,057	8551903,203	144,668	1065	89,46	55,208
13661,254	2187	33X	517572,3016	8551896,141	144,0465	1080	90,72	53,3265
13670,072	2188	33X	517567,4494	8551888,807	144,1489	1100	92,4	51,7489
13678,882	2189	33X	517562,6758	8551881,431	144,2442	1120	94,08	50,1642
13687,468	2190	33X	517558,1179	8551874,183	145,0951	1135	95,34	49,7551
13695,904	2191	33X	517553,7598	8551866,99	145,189	1155	97,02	48,169
13704,333	2192	33X	517549,5475	8551859,722	146,007	1175	98,7	47,307
13712,9	2193	33X	517545,4266	8551852,246	146,7801	1190	99,96	46,8201
13721,681	2194	33X	517541,3701	8551844,497	147,4976	1210	101,64	45,8576
13730,462	2195	33X	517537,4589	8551836,678	148,1815	1230	103,32	44,8615
13738,955	2196	33X	517533,8011	8551829,057	148,8616	1250	105	43,8616
13746,872	2197	33X	517530,5045	8551821,902	149,5683	1265	106,26	43,3083
13754,031	2198	33X	517527,6384	8551815,385	150,3194	1285	107,94	42,3794
13760,672	2199	33X	517525,1168	8551809,285	150,3349	1300	109,2	41,1349
13767,142	2200	33X	517522,815	8551803,287	151,0727	1320	110,88	40,1927
13773,79	2201	33X	517520,6082	8551797,071	151,7405	1340	112,56	39,1805
13780,962	2202	33X	517518,3717	8551790,322	152,2963	1355	113,82	38,4763
13788,902	2203	33X	517516,0184	8551782,817	151,9612	1375	115,5	36,4612
13797,444	2204	33X	517513,6118	8551774,709	152,2601	1395	117,18	35,0801
13806,32	2205	33X	517511,253	8551766,249	152,4809	1410	118,44	34,0409
13815,263	2206	33X	517509,0432	8551757,685	151,9117	1430	120,12	31,7917
13824,059	2207	33X	517507,0608	8551749,217	152,0842	1450	121,8	30,2842
13832,707	2208	33X	517505,2942	8551740,857	152,2538	1460	122,64	29,6138
13841,252	2209	33X	517503,7089	8551732,567	152,4192	1470	123,48	28,9392
13849,741	2210	33X	517502,2706	8551724,309	151,8294	1480	124,32	27,5094
13858,22	2211	33X	517500,9497	8551716,042	151,2347	1490	125,16	26,0747
13866,735	2212	33X	517499,7358	8551707,722	151,3915	1505	126,42	24,9715
13875,336	2213	33X	517498,623	8551699,297	150,8077	1515	127,26	23,5477
13884,072	2214	33X	517497,6058	8551690,721	150,9912	1525	128,1	22,8912
13892,94	2215	33X	517496,6793	8551681,996	150,4537	1535	128,94	21,5137
13901,729	2216	33X	517495,8424	8551673,334	149,9722	1545	129,78	20,1922
13910,175	2217	33X	517495,095	8551664,999	150,3278	1555	130,62	19,7078
13918,015	2218	33X	517494,4368	8551657,255	150,0514	1570	131,88	18,1714
13925,083	2219	33X	517493,8621	8551650,267	149,9113	1580	132,72	17,1913
13931,612	2220	33X	517493,3426	8551643,806	150,6253	1585	133,14	17,4853
13937,937	2221	33X	517492,8444	8551637,543	150,6486	1595	133,98	16,6686
13944,389	2222	33X	517492,3335	8551631,15	151,4363	1605	134,82	16,6163
13951,301	2223	33X	517491,776	8551624,301	151,4437	1615	135,66	15,7837
13958,905	2224	33X	517491,1473	8551616,766	151,3893	1620	136,08	15,3093
13967,021	2225	33X	517490,46	8551608,724	152,0454	1630	136,92	15,1254
13975,369	2226	33X	517489,7362	8551600,449	151,9477	1640	137,76	14,1877
13983,671	2227	33X	517488,9976	8551592,221	151,8818	1645	138,18	13,7018
13991,716	2228	33X	517488,2622	8551584,246	152,6249	1655	139,02	13,6049
13999,579	2229	33X	517487,5315	8551576,448	152,6699	1665	139,86	12,8099
14007,406	2230	33X	517486,8029	8551568,684	152,7511	1670	140,28	12,4711
14015,342	2231	33X	517486,0737	8551560,808	152,8529	1680	141,12	11,7329
14023,464	2232	33X	517485,3458	8551552,744	152,9643	1690	141,96	11,0043
14031,572	2233	33X	517484,6385	8551544,691	153,0926	1695	142,38	10,7126
14039,399	2234	33X	517483,9757	8551536,915	153,2499	1695	142,38	10,8699
14046,676	2235	33X	517483,3811	8551529,683	152,6981	1700	142,8	9,8981
14053,235	2236	33X	517482,872	8551523,163	152,9427	1705	143,22	9,7227
14059,301	2237	33X	517482,44	8551517,132	153,2127	1710	143,64	9,5727
14065,198	2238	33X	517482,0701	8551511,266	153,4805	1715	144,06	9,4205
14071,252	2239	33X	517481,7474	8551505,242	153,7185	1720	144,48	9,2385
14077,788	2240	33X	517481,4568	8551498,738	153,899	1720	144,48	9,419
14085,031	2241	33X	517481,1886	8551491,528	154,0028	1725	144,9	9,1028
14092,814	2242	33X	517480,9535	8551483,781	154,0442	1730	145,32	8,7242
14100,87	2243	33X	517480,7673	8551475,763	153,2957	1735	145,74	7,5557
14108,931	2244	33X	517480,6459	8551467,738	153,2799	1740	146,16	7,1199
14116,799	2245	33X	517480,601	8551459,908	153,2629	1740	146,16	7,1029
14124,539	2246	33X	517480,6276	8551452,208	153,2352	1740	146,16	7,0752
14132,282	2247	33X	517480,7167	8551444,507	153,1813	1740	146,16	7,0213
14140,16	2248	33X	517480,8592	8551436,675	153,0853	1740	146,16	6,9253
14148,239	2249	33X	517481,045	8551428,648	152,9401	1740	146,16	6,7801
14156,318	2250	33X	517481,2604	8551420,624	152,7732	1740	146,16	6,6132
14164,129	2251	33X	517481,4904	8551412,869	152,621	1740	146,16	6,461
14171,405	2252	33X	517481,7203	8551405,647	152,5196	1740	146,16	6,3596
14177,977	2253	33X	517481,9386	8551399,124	152,4933	1740	146,16	6,3333
14184,068	2254	33X	517482,1476	8551393,08	152,5187	1740	146,16	6,3587
14190	2255	33X	517482,3527	8551387,193	152,5601	1740	146,16	6,4001
14196,095	2256	33X	517482,5596	8551381,146	152,5823	1740	146,16	6,4223
14202,674	2257	33X	517482,7738	8551374,617	152,5497	1740	146,16	6,3897
14209,96	2258	33X	517482,9972	8551367,386	152,4373	1740	146,16	6,2773
14217,782	2259	33X	517483,2174	8551359,622	152,2616	1745	146,58	5,6816
14225,869	2260	33X	517483,418	8551351,594	152,0498	1745	146,58	5,4698
14233,953	2261	33X	517483,583	8551343,571	151,8287	1745	146,58	5,2487
14241,83	2262	33X	517483,6989	8551335,753	151,618	1745	146,58	5,038
14249,566	2263	33X	517483,7632	8551328,078	152,1573	1745	146,58	5,5773
14257,292	2264	33X	517483,7762	8551320,414	151,9288	1745	146,58	5,3488
14265,14	2265	33X	517483,738	8551312,631	151,6648	1745	146,58	5,0848
14273,178	2266	33X	517483,651	8551304,664	151,357	1745	146,58	4,777
14281,205	2267	33X	517483,5258	8551296,709	151,0349	1745	146,58	4,4549
14288,959	2268	33X	517483,3749	8551289,028	150,7376	1745	146,58	4,1576
14296,174	2269	33X	517483,211	8551281,882	150,5044	1745	146,58	3,9244
14302,684	2270	33X	517483,045	8551275,436	151,111	1745	146,58	4,531
14308,711	2271	33X	517482,8816	8551269,469	151,031	1745	146,58	4,451
14314,573	2272	33X	517482,7236	8551263,664	150,9747	1745	146,58	4,3947
14320,591	2273	33X	517482,5741	8551257,704	150,9023	1745	146,58	4,3223
14327,084	2274	33X	517482,4359	8551251,272	150,7743	1745	146,58	4,1943
14334,274	2275	33X	517482,3145	8551244,148	151,3117	1745	146,58	4,7317
14341,989	2276	33X	517482,2253	8551236,503	151,0294	1745	146,58	4,4494
14349,963	2277	33X	517482,1861	8551228,602	150,703	1745	146,58	4,123
14357,927	2278	33X	517482,2146	8551220,713	150,3583	1745	146,58	3,7783
14365,682	2279	33X	517482,3302	8551213,037	150,7645	1745	146,58	4,1845
14373,299	2280	33X	517482,5584	8551205,503	150,4157	1745	146,58	3,8357
14380,916	2281	33X	517482,9261	8551197,977	150,0494	1745	146,58	3,4694
14388,675	2282	33X	517483,4603	8551190,321	149,6532	1745	146,58	3,0732
14396,65	2283	33X	517484,1749	8551182,467	149,9732	1745	146,58	3,3932
14404,643	2284	33X	517485,0313	8551174,608	149,5392	1745	146,58	2,9592
14412,39	2285	33X	517485,9782	8551167,006	149,1395	1745	146,58	2,5595
14419,622	2286	33X	517486,964	8551159,923	148,8124	1745	146,58	2,2324
14426,17	2287	33X	517487,9521	8551153,524	148,583	1745	146,58	2,003
14432,256	2288	33X	517488,966	8551147,592	148,4246	1745	146,58	1,8446
14438,196	2289	33X	517490,0442	8551141,817	148,297	1745	146,58	1,717
14444,309	2290	33X	517491,225	8551135,886	147,4102	1745	146,58	0,8302
14450,909	2291	33X	517492,547	8551129,487	147,2244	1745	146,58	0,6444
14458,216	2292	33X	517494,0309	8551122,403	146,9654	1745	146,58	0,3854
14466,057	2293	33X	517495,6271	8551114,797	146,6726	1745	146,58	0,0926
14474,162	2294	33X	517497,2681	8551106,927	146,4014	1740	146,16	0,2414
14482,26	2295	33X	517498,8865	8551099,048	146,2069	1740	146,16	0,0469
14490,146	2296	33X	517500,4209	8551091,357	146,1333	1740	146,16	-0,0267
14497,864	2297	33X	517501,8335	8551083,802	145,4288	1735	145,74	-0,3112
14505,524	2298	33X	517503,0926	8551076,27	145,5806	1735	145,74	-0,1594
14513,236	2299	33X	517504,1662	8551068,649	145,0756	1735	145,74	-0,6644
14521,058	2300	33X	517505,029	8551060,887	144,6508	1735	145,74	-1,0892
14528,805	2301	33X	517505,6809	8551053,176	144,2922	1730	145,32	-1,0278
14536,231	2302	33X	517506,1284	8551045,769	144,7358	1730	145,32	-0,5842
14543,09	2303	33X	517506,378	8551038,921	144,4674	1730	145,32	-0,8526
14549,222	2304	33X	517506,4302	8551032,793	144,2205	1725	144,9	-0,6795
14554,837	2305	33X	517506,2626	8551027,187	143,9676	1725	144,9	-0,9324
14560,237	2306	33X	517505,8466	8551021,81	144,4288	1725	144,9	-0,4712
14565,73	2307	33X	517505,1541	8551016,373	144,8243	1725	144,9	-0,0757
14571,62	2308	33X	517504,1567	8551010,585	145,1241	1725	144,9	0,2241
14578,122	2309	33X	517502,8349	8551004,244	145,3077	1720	144,48	0,8277
14585,089	2310	33X	517501,2047	8550997,504	145,3927	1720	144,48	0,9127
14592,283	2311	33X	517499,2913	8550990,608	145,4058	1720	144,48	0,9258
14599,472	2312	33X	517497,1196	8550983,799	145,3741	1720	144,48	0,8941
14606,486	2313	33X	517494,7125	8550977,26	145,3243	1720	144,48	0,8443
14613,385	2314	33X	517492,0845	8550970,931	145,2824	1720	144,48	0,8024
14620,281	2315	33X	517489,248	8550964,691	145,2743	1720	144,48	0,7943
14627,282	2316	33X	517486,2155	8550958,42	144,5759	1720	144,48	0,0959
14634,435	2317	33X	517483,0189	8550952,05	143,9596	1720	144,48	-0,5204
14641,56	2318	33X	517479,7685	8550945,731	143,4334	1715	144,06	-0,6266
14648,421	2319	33X	517476,5939	8550939,664	143,0018	1715	144,06	-1,0582
14654,778	2320	33X	517473,6249	8550934,053	142,6693	1715	144,06	-1,3907
14660,478	2321	33X	517470,9522	8550929,024	142,4359	1715	144,06	-1,6241
14665,704	2322	33X	517468,5105	8550924,406	142,2822	1715	144,06	-1,7778
14670,723	2323	33X	517466,1952	8550919,954	142,1845	1715	144,06	-1,8755
14675,803	2324	33X	517463,902	8550915,422	142,119	1715	144,06	-1,941
14681,211	2325	33X	517461,5263	8550910,563	142,0617	1715	144,06	-1,9983
14687,136	2326	33X	517459,0002	8550905,204	141,9917	1710	143,64	-1,6483
14693,442	2327	33X	517456,4016	8550899,459	141,8995	1710	143,64	-1,7405
14699,915	2328	33X	517453,8449	8550893,514	141,7786	1705	143,22	-1,4414
14706,341	2329	33X	517451,4442	8550887,556	141,6222	1705	143,22	-1,5978
14712,566	2330	33X	517449,2843	8550881,72	141,4251	1700	142,8	-1,3749
14718,66	2331	33X	517447,3312	8550875,953	141,9365	1700	142,8	-0,8635
14724,746	2332	33X	517445,521	8550870,149	141,657	1695	142,38	-0,723
14730,944	2333	33X	517443,79	8550864,206	141,3371	1695	142,38	-1,0429
14737,32	2334	33X	517442,0907	8550858,071	140,9814	1690	141,96	-0,9786
14743,715	2335	33X	517440,4407	8550851,903	141,3612	1690	141,96	-0,5988
14749,919	2336	33X	517438,8738	8550845,911	141,0019	1685	141,54	-0,5381
14755,718	2337	33X	517437,4238	8550840,306	140,6787	1685	141,54	-0,8613
14760,977	2338	33X	517436,1033	8550835,222	140,41	1680	141,12	-0,71
14765,877	2339	33X	517434,8403	8550830,493	140,9363	1680	141,12	-0,1837
14770,675	2340	33X	517433,5416	8550825,879	140,7411	1675	140,7	0,0411
14775,631	2341	33X	517432,1138	8550821,136	140,5579	1675	140,7	-0,1421
14781,006	2342	33X	517430,4638	8550816,024	140,3701	1670	140,28	0,0901
14786,983	2343	33X	517428,5211	8550810,375	140,9114	1670	140,28	0,6314
14793,439	2344	33X	517426,3062	8550804,316	140,6665	1670	140,28	0,3865
14800,175	2345	33X	517423,8624	8550798,046	140,3702	1670	140,28	0,0902
14806,992	2346	33X	517421,2331	8550791,767	140,0073	1665	139,86	0,1473
14813,736	2347	33X	517418,454	8550785,638	139,5659	1665	139,86	-0,2941
14820,41	2348	33X	517415,5311	8550779,66	139,0465	1665	139,86	-0,8135
14827,055	2349	33X	517412,463	8550773,797	139,203	1660	139,44	-0,237
14833,709	2350	33X	517409,2481	8550768,008	138,5391	1660	139,44	-0,9009
14840,413	2351	33X	517405,8835	8550762,255	137,8117	1660	139,44	-1,6283
14847,21	2352	33X	517402,3604	8550756,495	137,0392	1655	139,02	-1,9808
14854,142	2353	33X	517398,6684	8550750,682	136,2431	1655	139,02	-2,7769
14861,252	2354	33X	517394,7975	8550744,772	135,4447	1650	138,6	-3,1553
14868,535	2355	33X	517390,7642	8550738,758	134,666	1650	138,6	-3,934
14875,804	2356	33X	517386,6928	8550732,78	133,9305	1645	138,18	-4,2495
14882,826	2357	33X	517382,7345	8550727,02	134,0126	1640	137,76	-3,7474
14889,365	2358	33X	517379,0406	8550721,654	133,4364	1635	137,34	-3,9036
14895,274	2359	33X	517375,7142	8550716,793	132,9673	1630	136,92	-3,9527
14900,738	2360	33X	517372,6661	8550712,274	132,5867	1625	136,5	-3,9133
14906,032	2361	33X	517369,7592	8550707,861	132,267	1625	136,5	-4,233
14911,427	2362	33X	517366,8562	8550703,323	131,9807	1625	136,5	-4,5193
14917,197	2363	33X	517363,8199	8550698,425	131,7005	1625	136,5	-4,7995
14923,53	2364	33X	517360,5601	8550693,003	131,4035	1625	136,5	-5,0965
14930,28	2365	33X	517357,1745	8550687,172	131,0856	1625	136,5	-5,4144
14937,217	2366	33X	517353,808	8550681,116	130,7474	1620	136,08	-5,3326
14944,114	2367	33X	517350,6054	8550675,018	130,3894	1620	136,08	-5,6906
14950,804	2368	33X	517347,6768	8550669,015	130,0127	1620	136,08	-6,0673
14957,352	2369	33X	517344,9932	8550663,055	129,6203	1620	136,08	-6,4597
14963,882	2370	33X	517342,4912	8550657,037	129,2156	1620	136,08	-6,8644
14970,514	2371	33X	517340,1072	8550650,862	128,8021	1620	136,08	-7,2779
14977,312	2372	33X	517337,7955	8550644,483	128,3851	1625	136,5	-8,1149
14984,109	2373	33X	517335,5819	8550638,07	127,9766	1630	136,92	-8,9434
14990,682	2374	33X	517333,5103	8550631,843	127,5905	1635	137,34	-9,7495
14996,806	2375	33X	517331,6245	8550626,027	127,2408	1635	137,34	-10,0992
15002,34	2376	33X	517329,9433	8550620,764	126,9373	1640	137,76	-10,8227
15007,471	2377	33X	517328,3857	8550615,882	126,6754	1645	138,18	-11,5046
15012,472	2378	33X	517326,846	8550611,129	126,4462	1645	138,18	-11,7338
15017,615	2379	33X	517325,2184	8550606,255	126,2412	1650	138,6	-12,3588
15023,173	2380	33X	517323,397	8550601,007	126,0516	1655	139,02	-12,9684
15029,336	2381	33X	517321,3043	8550595,213	125,8687	1655	139,02	-13,1513
15035,957	2382	33X	517318,976	8550589,018	125,6838	1665	139,86	-14,1762
15042,806	2383	33X	517316,4762	8550582,644	125,4879	1670	140,28	-14,7921
15049,654	2384	33X	517313,869	8550576,315	125,2722	1675	140,7	-15,4278
15056,331	2385	33X	517311,1999	8550570,2	125,027	1685	141,54	-16,513
15062,897	2386	33X	517308,4405	8550564,249	124,7388	1690	141,96	-17,2212
15069,468	2387	33X	517305,544	8550558,361	124,3933	1695	142,38	-17,9867
15076,162	2388	33X	517302,4636	8550552,432	123,9761	1705	143,22	-19,2439
15083,04	2389	33X	517299,1823	8550546,408	124,2317	1710	143,64	-19,4083
15089,931	2390	33X	517295,8027	8550540,427	123,6898	1715	144,06	-20,3702
15096,608	2391	33X	517292,4568	8550534,676	123,139	1725	144,9	-21,761
15102,84	2392	33X	517289,2772	8550529,341	122,6178	1730	145,32	-22,7022
15108,481	2393	33X	517286,3541	8550524,538	122,1563	1735	145,74	-23,5837
15113,719	2394	33X	517283,6099	8550520,095	121,7504	1740	146,16	-24,4096
15118,824	2395	33X	517280,9253	8550515,769	121,3874	1750	147	-25,6126
15124,066	2396	33X	517278,1807	8550511,314	120,3046	1755	147,42	-27,1154
15129,718	2397	33X	517275,2566	8550506,489	119,9893	1760	147,84	-27,8507
15135,965	2398	33X	517272,0766	8550501,12	119,6819	1770	148,68	-28,9981
15142,658	2399	33X	517268,7361	8550495,327	118,6347	1775	149,1	-30,4653
15149,566	2400	33X	517265,374	8550489,3	118,3527	1785	149,94	-31,5873
15156,455	2401	33X	517262,1286	8550483,229	117,3413	1790	150,36	-33,0187
15163,153	2402	33X	517259,1099	8550477,254	117,0999	1800	151,2	-34,1001
15169,723	2403	33X	517256,3129	8550471,314	117,6047	1810	152,04	-34,4353
15176,288	2404	33X	517253,7038	8550465,297	117,3262	1815	152,46	-35,1338
15182,97	2405	33X	517251,2487	8550459,091	117,7349	1820	152,88	-35,1451
15189,838	2406	33X	517248,9268	8550452,642	117,3102	1825	153,3	-35,9898
15196,724	2407	33X	517246,7689	8550446,121	117,5675	1830	153,72	-36,1525
15203,401	2408	33X	517244,8186	8550439,758	117,031	1835	154,14	-37,109
15209,64	2409	33X	517243,1196	8550433,78	117,2252	1840	154,56	-37,3348
15215,296	2410	33X	517241,6959	8550428,335	116,6698	1845	154,98	-38,3102
15220,563	2411	33X	517240,4923	8550423,236	116,8672	1850	155,4	-38,5328
15225,724	2412	33X	517239,4342	8550418,216	116,315	1855	155,82	-39,505
15231,057	2413	33X	517238,4466	8550413,004	116,5111	1860	156,24	-39,7289
15236,841	2414	33X	517237,4547	8550407,334	115,9534	1865	156,66	-40,7066
15243,266	2415	33X	517236,4002	8550401,02	116,1448	1875	157,5	-41,3552
15250,18	2416	33X	517235,2903	8550394,217	115,6096	1880	157,92	-42,3104
15257,343	2417	33X	517234,1488	8550387,162	115,8775	1890	158,76	-42,8825
15264,515	2418	33X	517232,9995	8550380,094	115,4778	1900	159,6	-44,1222
15271,514	2419	33X	517231,8539	8550373,196	115,9315	1910	160,44	-44,5085
15278,383	2420	33X	517230,6748	8550366,432	115,7246	1920	161,28	-45,5554
15285,222	2421	33X	517229,4129	8550359,712	115,5843	1930	162,12	-46,5357
15292,131	2422	33X	517228,0191	8550352,945	116,2379	1940	162,96	-46,7221
15299,159	2423	33X	517226,4637	8550346,092	116,1642	1950	163,8	-47,6358
15306,139	2424	33X	517224,7967	8550339,314	116,0973	1960	164,64	-48,5427
15312,85	2425	33X	517223,0877	8550332,825	116,0226	1965	165,06	-49,0374
15319,07	2426	33X	517221,4064	8550326,837	116,6757	1985	166,74	-50,0643
15324,661	2427	33X	517219,7978	8550321,484	116,5454	2000	168	-51,4546
15329,814	2428	33X	517218,2087	8550316,584	116,3833	2015	169,26	-52,8767
15334,806	2429	33X	517216,5612	8550311,876	116,1948	2030	170,52	-54,3252
15339,911	2430	33X	517214,7775	8550307,098	116,7347	2050	172,2	-55,4653
15345,402	2431	33X	517212,7796	8550301,988	116,5082	2055	172,62	-56,1118
15351,469	2432	33X	517210,5177	8550296,363	116,2706	2065	173,46	-57,1894
15357,971	2433	33X	517208,0543	8550290,351	116,0274	2075	174,3	-58,2726
15364,683	2434	33X	517205,4795	8550284,157	116,5346	2080	174,72	-58,1854
15371,382	2435	33X	517202,8839	8550277,986	116,2981	2090	175,56	-59,2619
15377,899	2436	33X	517200,3407	8550271,99	116,0712	2100	176,4	-60,3288
15384,291	2437	33X	517197,8545	8550266,105	115,8469	2110	177,24	-61,3931
15390,672	2438	33X	517195,4129	8550260,214	116,3661	2115	177,66	-61,2939
15397,156	2439	33X	517193,0036	8550254,201	116,1192	2125	178,5	-62,3808
15403,801	2440	33X	517190,6271	8550248	115,8508	2130	178,92	-63,0692
15410,451	2441	33X	517188,3364	8550241,764	116,3209	2130	178,92	-62,5991
15416,889	2442	33X	517186,1973	8550235,698	116,0432	2135	179,34	-63,2968
15422,902	2443	33X	517184,276	8550230,006	115,7816	2135	179,34	-63,5584
15428,355	2444	33X	517182,6148	8550224,818	115,5459	2140	179,76	-64,2141
15433,43	2445	33X	517181,1615	8550219,96	116,0798	2145	180,18	-64,1002
15438,39	2446	33X	517179,8407	8550215,183	115,873	2145	180,18	-64,307
15443,499	2447	33X	517178,5767	8550210,238	115,6651	2150	180,6	-64,9349
15449,017	2448	33X	517177,2937	8550204,876	116,196	2155	181,02	-64,824
15455,127	2449	33X	517175,9365	8550198,922	115,9583	2160	181,44	-65,4817
15461,697	2450	33X	517174,5311	8550192,509	115,7074	2165	181,86	-66,1526
15468,516	2451	33X	517173,1237	8550185,843	116,2014	2170	182,28	-66,0786
15475,371	2452	33X	517171,7607	8550179,129	115,9488	2175	182,7	-66,7512
15482,091	2453	33X	517170,4769	8550172,537	115,7085	2180	183,12	-67,4115
15488,668	2454	33X	517169,2618	8550166,077	116,2419	2185	183,54	-67,2981
15495,132	2455	33X	517168,0933	8550159,722	116,0612	2190	183,96	-67,8988
15501,515	2456	33X	517166,9494	8550153,443	115,9285	2195	184,38	-68,4515
15507,849	2457	33X	517165,8067	8550147,214	116,6021	2200	184,8	-68,1979
15514,167	2458	33X	517164,6354	8550141,005	116,5752	2205	185,22	-68,6448
15520,503	2459	33X	517163,4043	8550134,79	116,5873	2210	185,64	-69,0527
15526,891	2460	33X	517162,0821	8550128,541	117,378	2215	186,06	-68,682
15533,33	2461	33X	517160,6521	8550122,263	117,4365	2220	186,48	-69,0435
15539,677	2462	33X	517159,1555	8550116,096	117,5018	2225	186,9	-69,3982
15545,75	2463	33X	517157,6479	8550110,213	118,3128	2230	187,32	-69,0072
15551,368	2464	33X	517156,1849	8550104,789	118,3582	2235	187,74	-69,3818
15556,423	2465	33X	517154,8021	8550099,927	119,1302	2240	188,16	-69,0298
15561,091	2466	33X	517153,4545	8550095,457	119,1344	2245	188,58	-69,4456
15565,622	2467	33X	517152,0773	8550091,14	119,8795	2250	189	-69,1205
15570,266	2468	33X	517150,6054	8550086,737	119,8743	2250	189	-69,1257
15575,269	2469	33X	517148,9739	8550082,007	119,8778	2255	189,42	-69,5422
15580,806	2470	33X	517147,1406	8550076,782	120,6466	2260	189,84	-69,1934
15586,75	2471	33X	517145,1542	8550071,18	120,6792	2265	190,26	-69,5808
15592,901	2472	33X	517143,0863	8550065,387	121,472	2270	190,68	-69,208
15599,058	2473	33X	517141,0084	8550059,592	121,5214	2275	191,1	-69,5786
15605,071	2474	33X	517138,9779	8550053,932	122,3232	2280	191,52	-69,1968
15610,993	2475	33X	517136,9956	8550048,351	122,3703	2285	191,94	-69,5697
15616,931	2476	33X	517135,0481	8550042,742	122,4051	2290	192,36	-69,9549
15622,988	2477	33X	517133,1221	8550036,999	123,1699	2295	192,78	-69,6101
15629,22	2478	33X	517131,215	8550031,067	123,1594	2300	193,2	-70,0406
15635,469	2479	33X	517129,3676	8550025,097	123,8776	2305	193,62	-69,7424
15641,527	2480	33X	517127,6312	8550019,294	123,8306	2305	193,62	-69,7894
15647,185	2481	33X	517126,0573	8550013,859	123,7747	2310	194,04	-70,2653
15652,311	2482	33X	517124,678	8550008,923	124,4653	2310	194,04	-69,5747
15657,08	2483	33X	517123,4477	8550004,316	124,4041	2310	194,04	-69,6359
15661,743	2484	33X	517122,3011	8549999,795	124,3422	2310	194,04	-69,6978
15666,554	2485	33X	517121,1733	8549995,119	124,2806	2310	194,04	-69,7594
15671,765	2486	33X	517119,999	8549990,043	124,9702	2310	194,04	-69,0698
15677,547	2487	33X	517118,7317	8549984,401	124,911	2310	194,04	-69,129
15683,763	2488	33X	517117,3982	8549978,33	124,8498	2305	193,62	-68,7702
15690,194	2489	33X	517116,0442	8549972,044	124,7823	2300	193,2	-68,4177
15696,624	2490	33X	517114,7149	8549965,754	124,7043	2295	192,78	-68,0757
15702,886	2491	33X	517113,4427	8549959,623	124,6134	2285	191,94	-67,3266
15709,028	2492	33X	517112,2068	8549953,607	125,2652	2280	191,52	-66,2548
15715,151	2493	33X	517110,9737	8549947,61	125,1669	2275	191,1	-65,9331
15721,355	2494	33X	517109,7094	8549941,538	125,0757	2270	190,68	-65,6043
15727,688	2495	33X	517108,3932	8549935,343	124,9985	2265	190,26	-65,2615
15733,998	2496	33X	517107,056	8549929,177	124,9396	2255	189,42	-64,4804
15740,081	2497	33X	517105,7419	8549923,237	124,9028	2250	189	-64,0972
15745,734	2498	33X	517104,4948	8549917,724	125,6421	2240	188,16	-62,5179
15750,829	2499	33X	517103,3415	8549912,761	125,6596	2235	187,74	-62,0804
15755,541	2500	33X	517102,2397	8549908,18	125,7013	2230	187,32	-61,6187
15760,119	2501	33X	517101,1296	8549903,739	125,7617	2220	186,48	-60,7183
15764,814	2502	33X	517099,9518	8549899,194	125,8352	2215	186,06	-60,2248
15769,877	2503	33X	517098,6465	8549894,303	125,9162	2205	185,22	-59,3038
15775,482	2504	33X	517097,1726	8549888,897	126,7492	2200	184,8	-58,0508
15781,499	2505	33X	517095,5624	8549883,1	126,8284	2200	184,8	-57,9716
15787,723	2506	33X	517093,8667	8549877,111	126,8982	2195	184,38	-57,4818
15793,95	2507	33X	517092,1363	8549871,129	126,9529	2190	183,96	-57,0071
15800,029	2508	33X	517090,4106	8549865,301	126,9893	2185	183,54	-56,5507
15806,015	2509	33X	517088,6837	8549859,569	127,7649	2185	183,54	-55,7751
15812,02	2510	33X	517086,9385	8549853,823	127,7898	2180	183,12	-55,3302
15818,154	2511	33X	517085,1577	8549847,954	127,8239	2175	182,7	-54,8761
15824,472	2512	33X	517083,3369	8549841,904	127,874	2175	182,7	-54,826
15830,814	2513	33X	517081,522	8549835,828	127,9328	2170	182,28	-54,3472
15836,962	2514	33X	517079,7717	8549829,934	127,99	2165	181,86	-53,87
15842,703	2515	33X	517078,1447	8549824,429	128,7851	2165	181,86	-53,0749
15847,898	2516	33X	517076,6791	8549819,445	128,8077	2160	181,44	-52,6323
15852,721	2517	33X	517075,3305	8549814,814	128,7978	2155	181,02	-52,2222
15857,425	2518	33X	517074,0342	8549810,293	128,7454	2155	181,02	-52,2746
15862,262	2519	33X	517072,7253	8549805,638	128,6405	2150	180,6	-51,9595
15867,485	2520	33X	517071,3389	8549800,605	129,2232	2145	180,18	-50,9568
15873,273	2521	33X	517069,8299	8549795,022	128,9884	2145	180,18	-51,1916
15879,515	2522	33X	517068,2325	8549788,994	128,7012	2140	179,76	-51,0588
15886,026	2523	33X	517066,6005	8549782,699	128,3817	2140	179,76	-51,3783
15892,622	2524	33X	517064,9877	8549776,313	128,0499	2135	179,34	-51,2901
15899,152	2525	33X	517063,436	8549769,977	127,7212	2130	178,92	-51,1988
15905,614	2526	33X	517061,9393	8549763,7	128,1432	2130	178,92	-50,7768
15912,036	2527	33X	517060,4793	8549757,455	127,8087	2125	178,5	-50,6913
15918,451	2528	33X	517059,0377	8549751,214	127,4606	2125	178,5	-51,0394
15924,889	2529	33X	517057,5967	8549744,95	127,0931	2120	178,08	-50,9869
15931,389	2530	33X	517056,1398	8549738,627	126,7051	2120	178,08	-51,3749
15937,99	2531	33X	517054,6509	8549732,209	127,0465	2115	177,66	-50,6135
15944,733	2532	33X	517053,1137	8549725,658	126,6175	2115	177,66	-51,0425
15951,614	2533	33X	517051,5235	8549718,978	126,1719	2110	177,24	-51,0681
15958,464	2534	33X	517049,9209	8549712,333	125,7292	2110	177,24	-51,5108
15965,073	2535	33X	517048,358	8549705,925	125,3125	2105	176,82	-51,5075
15971,229	2536	33X	517046,8868	8549699,959	124,945	2105	176,82	-51,875
15976,801	2537	33X	517045,5398	8549694,56	125,3929	2100	176,4	-51,0071
15981,978	2538	33X	517044,2713	8549689,547	125,1445	2095	175,98	-50,8355
15987,028	2539	33X	517043,0159	8549684,66	124,931	2090	175,56	-50,629
15992,22	2540	33X	517041,7085	8549679,64	124,7337	2085	175,14	-50,4063
15997,82	2541	33X	517040,2837	8549674,227	124,5338	2080	174,72	-50,1862
16004,016	2542	33X	517038,697	8549668,242	125,0664	2075	174,3	-49,2336
16010,661	2543	33X	517036,987	8549661,825	124,8315	2075	174,3	-49,4685
16017,528	2544	33X	517035,213	8549655,195	124,5831	2070	173,88	-49,2969
16024,39	2545	33X	517033,4344	8549648,573	124,3251	2065	173,46	-49,1349
16031,076	2546	33X	517031,6958	8549642,123	124,0611	2060	173,04	-48,9789
16037,647	2547	33X	517029,9834	8549635,784	123,7941	2055	172,62	-48,8259
16044,223	2548	33X	517028,2684	8549629,442	124,2768	2050	172,2	-47,9232
16050,922	2549	33X	517026,5224	8549622,979	124,0118	2045	171,78	-47,7682
16057,807	2550	33X	517024,7314	8549616,337	123,7522	2040	171,36	-47,6078
16064,704	2551	33X	517022,9406	8549609,681	123,5021	2035	170,94	-47,4379
16071,384	2552	33X	517021,2097	8549603,233	123,266	2035	170,94	-47,674
16077,617	2553	33X	517019,5987	8549597,216	123,0482	2030	170,52	-47,4718
16083,257	2554	33X	517018,1461	8549591,769	123,6002	2025	170,1	-46,4998
16088,498	2555	33X	517016,8055	8549586,706	123,4112	2020	169,68	-46,2688
16093,617	2556	33X	517015,5092	8549581,758	123,2175	2020	169,68	-46,4625
16098,892	2557	33X	517014,1897	8549576,655	123,0051	2015	169,26	-46,2549
16104,601	2558	33X	517012,7791	8549571,128	122,7603	2010	168,84	-46,0797
16110,937	2559	33X	517011,2312	8549564,991	123,2229	2005	168,42	-45,1971
16117,754	2560	33X	517009,585	8549558,384	122,897	2005	168,42	-45,523
16124,823	2561	33X	517007,9006	8549551,528	122,5403	1985	166,74	-44,1997
16131,913	2562	33X	517006,2383	8549544,646	122,1605	1970	165,48	-43,3195
16138,853	2563	33X	517004,6432	8549537,904	121,7651	1955	164,22	-42,4549
16145,707	2564	33X	517003,0992	8549531,238	121,3614	1935	162,54	-41,1786
16152,598	2565	33X	517001,5753	8549524,53	120,9565	1920	161,28	-40,3235
16159,648	2566	33X	517000,0403	8549517,66	120,5576	1905	160,02	-39,4624
16166,919	2567	33X	516998,4758	8549510,57	120,1713	1885	158,34	-38,1687
16174,221	2568	33X	516996,9144	8549503,447	119,8034	1870	157,08	-37,2766
16181,303	2569	33X	516995,4016	8549496,536	119,4592	1855	155,82	-36,3608
16187,915	2570	33X	516993,9828	8549490,086	119,144	1835	154,14	-34,996
16193,897	2571	33X	516992,6844	8549484,253	118,8602	1815	152,46	-33,5998
16199,45	2572	33X	516991,4565	8549478,844	118,5974	1795	150,78	-32,1826
16204,867	2573	33X	516990,2305	8549473,574	118,3424	1775	149,1	-30,7576
16210,44	2574	33X	516988,9374	8549468,159	118,0818	1750	147	-28,9182
16216,463	2575	33X	516987,5084	8549462,315	117,8023	1730	145,32	-27,5177
16223,137	2576	33X	516985,8959	8549455,846	117,4957	1715	144,06	-26,5643
16230,31	2577	33X	516984,1371	8549448,899	117,1741	1700	142,8	-25,6259
16237,741	2578	33X	516982,2902	8549441,709	116,8547	1685	141,54	-24,6853
16245,186	2579	33X	516980,4135	8549434,511	117,3049	1670	140,28	-22,9751
16252,463	2580	33X	516978,5514	8549427,48	117,0362	1655	139,02	-21,9838
16259,63	2581	33X	516976,6925	8549420,563	116,7871	1640	137,76	-20,9729
16266,804	2582	33X	516974,8114	8549413,645	116,5406	1620	136,08	-19,5394
16274,1	2583	33X	516972,8827	8549406,613	116,2794	1605	134,82	-18,5406
16281,576	2584	33X	516970,8964	8549399,411	115,9915	1590	133,56	-17,5685
16289,046	2585	33X	516968,9037	8549392,218	115,6851	1570	131,88	-16,1949
16296,266	2586	33X	516966,971	8549385,269	115,3736	1550	130,2	-14,8264
16302,989	2587	33X	516965,1647	8549378,801	115,0702	1535	128,94	-13,8698
16309,06	2588	33X	516963,5275	8549372,961	114,7843	1515	127,26	-12,4757
16314,686	2589	33X	516962,0074	8549367,552	114,5094	1495	125,58	-11,0706
16320,162	2590	33X	516960,5284	8549362,286	114,235	1480	124,32	-10,085
16325,786	2591	33X	516959,0148	8549356,878	113,9505	1465	123,06	-9,1095
16331,852	2592	33X	516957,3906	8549351,041	113,6457	1450	121,8	-8,1543
16338,571	2593	33X	516955,6025	8549344,573	113,313	1440	120,96	-7,647
16345,804	2594	33X	516953,6866	8549337,607	112,9581	1425	119,7	-6,7419
16353,326	2595	33X	516951,7019	8549330,36	112,5896	1415	118,86	-6,2704
16360,913	2596	33X	516949,7068	8549323,05	112,216	1400	117,6	-5,384
16368,385	2597	33X	516947,7486	8549315,849	111,8439	1385	116,34	-4,4961
16375,74	2598	33X	516945,8284	8549308,759	111,4712	1375	115,5	-4,0288
16383,023	2599	33X	516943,9355	8549301,736	111,0939	1365	114,66	-3,5661
16390,279	2600	33X	516942,0594	8549294,737	110,7078	1355	113,82	-3,1122
16397,552	2601	33X	516940,19	8549287,72	110,3092	1350	113,4	-3,0908
16404,888	2602	33X	516938,319	8549280,639	109,8961	1340	112,56	-2,6639
16412,332	2603	33X	516936,4386	8549273,449	109,4668	1330	111,72	-2,2532
16419,929	2604	33X	516934,5408	8549266,106	109,0197	1320	110,88	-1,8603
16427,678	2605	33X	516932,6279	8549258,611	108,5564	1315	110,46	-1,9036
16435,39	2606	33X	516930,7422	8549251,148	108,0916	1305	109,62	-1,5284
16442,827	2607	33X	516928,9364	8549243,947	107,6435	1295	108,78	-1,1365
16449,754	2608	33X	516927,2628	8549237,238	107,23	1290	108,36	-1,13
16456,022	2609	33X	516925,7528	8549231,166	106,8631	1285	107,94	-1,0769
16461,845	2610	33X	516924,3524	8549225,524	105,7798	1280	107,52	-1,7402
16467,524	2611	33X	516922,9865	8549220,02	105,461	1270	106,68	-1,219
16473,361	2612	33X	516921,58	8549214,364	105,1375	1265	106,26	-1,1225
16479,659	2613	33X	516920,0577	8549208,263	104,7902	1260	105,84	-1,0498
16486,627	2614	33X	516918,3661	8549201,515	104,4059	1255	105,42	-1,0141
16494,105	2615	33X	516916,5385	8549194,275	103,9952	1245	104,58	-0,5848
16501,843	2616	33X	516914,6296	8549186,788	103,5747	1240	104,16	-0,5853
16509,589	2617	33X	516912,6944	8549179,3	103,1608	1235	103,74	-0,5792
16517,154	2618	33X	516910,7721	8549171,993	102,7667	1230	103,32	-0,5533
16524,605	2619	33X	516908,8395	8549164,807	102,3913	1220	102,48	-0,0887
16532,071	2620	33X	516906,858	8549157,617	102,03	1215	102,06	-0,03
16539,683	2621	33X	516904,7889	8549150,3	101,6783	1210	101,64	0,0383
16547,505	2622	33X	516902,614	8549142,795	101,3332	1205	101,22	0,1132
16555,338	2623	33X	516900,3976	8549135,29	100,9975	1205	101,22	-0,2225
16562,918	2624	33X	516898,2242	8549128,034	100,6756	1200	100,8	-0,1244
16569,982	2625	33X	516896,1786	8549121,28	100,3716	1195	100,38	-0,0084
16576,362	2626	33X	516894,3164	8549115,185	100,0872	1190	99,96	0,1272
16582,275	2627	33X	516892,577	8549109,541	99,81218	1185	99,54	0,27218
16588,035	2628	33X	516890,8705	8549104,046	99,53367	1175	98,7	0,83367
16593,957	2629	33X	516889,1071	8549098,4	99,23874	1170	98,28	0,95874
16600,355	2630	33X	516887,1971	8549092,303	98,91447	1165	97,86	1,05447
16607,448	2631	33X	516885,079	8549085,543	98,55237	1160	97,44	1,11237
16615,073	2632	33X	516882,8046	8549078,275	98,16174	1155	97,02	1,14174
16622,976	2633	33X	516880,4541	8549070,74	97,75634	1150	96,6	1,15634
16630,9	2634	33X	516878,1076	8549063,183	97,3499	1145	96,18	1,1699
16638,652	2635	33X	516875,8263	8549055,785	96,95234	1135	95,34	1,61234
16646,298	2636	33X	516873,5953	8549048,482	96,55823	1130	94,92	1,63823
16653,968	2637	33X	516871,3809	8549041,15	96,1583	1125	94,5	1,6583
16661,791	2638	33X	516869,1492	8549033,663	95,7433	1120	94,08	1,6633
16669,831	2639	33X	516866,8831	8549025,961	95,3082	1115	93,66	1,6482
16677,885	2640	33X	516864,6327	8549018,241	94,86499	1110	93,24	1,62499
16685,681	2641	33X	516862,4645	8549010,766	94,42987	1095	91,98	2,44987
16692,948	2642	33X	516860,4453	8549003,796	94,01908	1085	91,14	2,87908
16699,517	2643	33X	516858,6155	8548997,499	93,64371	1075	90,3	3,34371
16705,609	2644	33X	516856,9104	8548991,661	93,29442	1065	89,46	3,83442
16711,548	2645	33X	516855,2389	8548985,972	92,95673	1055	88,62	4,33673
16717,656	2646	33X	516853,5101	8548980,123	92,61616	1040	87,36	5,25616
16724,256	2647	33X	516851,6328	8548973,806	92,25825	1030	86,52	5,73825
16731,571	2648	33X	516849,5442	8548966,806	91,8727	1020	85,68	6,1927
16739,431	2649	33X	516847,2935	8548959,286	91,46587	1005	84,42	7,04587
16747,563	2650	33X	516844,9583	8548951,507	90,29829	990	83,16	7,13829
16755,698	2651	33X	516842,616	8548943,728	89,88051	980	82,32	7,56051
16763,633	2652	33X	516840,3242	8548936,143	89,47036	965	81,06	8,41036
16771,437	2653	33X	516838,0614	8548928,685	89,06479	950	79,8	9,26479
16779,247	2654	33X	516835,7862	8548921,225	88,65808	940	78,96	9,69808
16787,201	2655	33X	516833,4574	8548913,63	88,24448	925	77,7	10,54448
16795,369	2656	33X	516831,054	8548905,835	87,82116	910	76,44	11,38116
16803,546	2657	33X	516828,6363	8548898,035	87,39696	910	76,44	10,95696
16811,461	2658	33X	516826,285	8548890,489	86,9836	905	76,02	10,9636
16818,841	2659	33X	516824,0808	8548883,457	86,59283	900	75,6	10,99283
16825,514	2660	33X	516822,0744	8548877,103	86,23145	910	76,44	9,79145
16831,705	2661	33X	516820,1964	8548871,213	85,88659	915	76,86	9,02659
16837,742	2662	33X	516818,3477	8548865,477	85,54043	925	77,7	7,84043
16843,951	2663	33X	516816,4288	8548859,583	85,17516	925	77,7	7,47516
16850,657	2664	33X	516814,3405	8548853,224	84,77298	925	77,7	7,07298
16858,087	2665	33X	516812,0143	8548846,182	84,32355	925	77,7	6,62355
16866,066	2666	33X	516809,5053	8548838,622	83,84651	920	77,28	6,56651
16874,322	2667	33X	516806,8991	8548830,803	83,36896	920	77,28	6,08896
16882,581	2668	33X	516804,2815	8548822,983	82,91802	920	77,28	5,63802
16890,637	2669	33X	516801,7175	8548815,356	82,51202	915	76,86	5,65202
16898,556	2670	33X	516799,1884	8548807,861	82,13424	910	76,44	5,69424
16906,472	2671	33X	516796,6545	8548800,371	81,75919	905	76,02	5,73919
16914,519	2672	33X	516794,0763	8548792,759	81,36136	900	75,6	5,76136
16922,763	2673	33X	516791,4349	8548784,962	80,92298	895	75,18	5,74298
16931,005	2674	33X	516788,7941	8548777,168	80,45706	895	75,18	5,27706
16938,978	2675	33X	516786,2386	8548769,631	79,98433	890	74,76	5,22433
16946,415	2676	33X	516783,8527	8548762,602	79,52551	885	74,34	5,18551
16953,149	2677	33X	516781,6901	8548756,238	79,09392	880	73,92	5,17392
16959,409	2678	33X	516779,6806	8548750,325	78,67322	875	73,5	5,17322
16965,52	2679	33X	516777,7229	8548744,552	78,23967	865	72,66	5,57967
16971,811	2680	33X	516775,7159	8548738,609	77,76952	860	72,24	5,52952
16978,608	2681	33X	516773,5582	8548732,185	77,23904	855	71,82	5,41904
16986,142	2682	33X	516771,1791	8548725,063	76,63089	850	71,4	5,23089
16994,257	2683	33X	516768,6289	8548717,388	75,95342	845	70,98	4,97342
17002,702	2684	33X	516765,9886	8548709,4	75,22138	840	70,56	4,66138
17011,224	2685	33X	516763,3388	8548701,337	74,44954	835	70,14	4,30954
17019,624	2686	33X	516760,7434	8548693,389	73,65201	825	69,3	4,35201
17027,908	2687	33X	516758,1976	8548685,546	72,84033	820	68,88	3,96033
17036,138	2688	33X	516755,6798	8548677,754	72,02536	815	68,46	3,56536
17044,371	2689	33X	516753,1683	8548669,955	71,21801	810	68,04	3,17801
17052,664	2690	33X	516750,6419	8548662,096	69,67533	810	68,04	1,63533
17061,064	2691	33X	516748,0817	8548654,134	68,88915	805	67,62	1,26915
17069,613	2692	33X	516745,4697	8548646,032	68,09747	800	67,2	0,89747
17078,356	2693	33X	516742,7876	8548637,751	67,28831	795	66,78	0,50831
17087,281	2694	33X	516740,0347	8548629,302	66,45667	790	66,36	0,09667
17096,167	2695	33X	516737,2803	8548620,895	65,62517	790	66,36	-0,73483
17104,738	2696	33X	516734,6112	8548612,789	64,82337	785	65,94	-1,11663
17112,721	2697	33X	516732,1142	8548605,243	64,08088	780	65,52	-1,43912
17119,944	2698	33X	516729,8428	8548598,419	63,4187	775	65,1	-1,6813
17126,65	2699	33X	516727,7173	8548592,086	62,82347	770	64,68	-1,85653
17133,189	2700	33X	516725,6247	8548585,915	62,27323	770	64,68	-2,40677
17139,908	2701	33X	516723,4521	8548579,579	61,74605	770	64,68	-2,93395
17147,157	2702	33X	516721,0865	8548572,747	61,21996	770	64,68	-3,46004
17155,175	2703	33X	516718,4497	8548565,195	60,67961	765	64,26	-3,58039
17163,768	2704	33X	516715,6024	8548557,105	60,13593	765	64,26	-4,12407
17172,636	2705	33X	516712,6402	8548548,764	59,60643	765	64,26	-4,65357
17181,475	2706	33X	516709,6586	8548540,457	59,10865	765	64,26	-5,15135
17190,06	2707	33X	516706,7293	8548532,4	58,65499	765	64,26	-5,60501
17198,462	2708	33X	516703,8281	8548524,526	58,23736	760	63,84	-5,60264
17206,829	2709	33X	516700,9069	8548516,696	57,84259	760	63,84	-5,99741
17215,307	2710	33X	516697,9177	8548508,772	57,45748	760	63,84	-6,38252
17223,971	2711	33X	516694,8377	8548500,682	57,07336	760	63,84	-6,76664
17232,613	2712	33X	516691,7454	8548492,621	56,69958	755	63,42	-6,72042
17240,951	2713	33X	516688,7444	8548484,849	56,35002	755	63,42	-7,06998
17248,704	2714	33X	516685,9385	8548477,628	56,03854	755	63,42	-7,38146
17255,697	2715	33X	516683,3938	8548471,121	55,77361	750	63	-7,22639
17262,169	2716	33X	516681,0258	8548465,102	55,54213	750	63	-7,45787
17268,466	2717	33X	516678,7122	8548459,249	54,57561	750	63	-8,42439
17274,935	2718	33X	516676,3309	8548453,238	54,35553	750	63	-8,64447
17281,921	2719	33X	516673,7597	8548446,748	54,11341	745	62,58	-8,46659
17289,664	2720	33X	516670,9142	8548439,552	53,83518	745	62,58	-8,74482
17297,987	2721	33X	516667,8614	8548431,815	53,52458	740	62,16	-8,63542
17306,607	2722	33X	516664,706	8548423,8	53,18978	740	62,16	-8,97022
17315,244	2723	33X	516661,5527	8548415,767	52,83897	735	61,74	-8,90103
17323,684	2724	33X	516658,4791	8548407,914	52,4783	735	61,74	-9,2617
17332,005	2725	33X	516655,4538	8548400,172	52,10581	730	61,32	-9,21419
17340,352	2726	33X	516652,4181	8548392,406	51,71754	730	61,32	-9,60246
17348,873	2727	33X	516649,3135	8548384,482	51,30952	725	60,9	-9,59048
17357,639	2728	33X	516646,1098	8548376,333	50,88072	725	60,9	-10,01928
17366,428	2729	33X	516642,8911	8548368,167	50,44195	725	60,9	-10,45805
17374,94	2730	33X	516639,7698	8548360,259	50,00697	720	60,48	-10,47303
17382,877	2731	33X	516636,8583	8548352,887	49,58954	715	60,06	-10,47046
17390,05	2732	33X	516634,2283	8548346,225	49,19933	710	59,64	-10,44067
17396,703	2733	33X	516631,7877	8548340,047	48,8296	700	58,8	-9,9704
17403,188	2734	33X	516629,4035	8548334,028	48,46955	695	58,38	-9,91045
17409,857	2735	33X	516626,9429	8548327,839	48,10834	690	57,96	-9,85166
17417,065	2736	33X	516624,2728	8548321,155	47,73516	685	57,54	-9,80484
17425,054	2737	33X	516621,2991	8548313,75	47,3435	675	56,7	-9,3565
17433,635	2738	33X	516618,0826	8548305,804	46,94412	670	56,28	-9,33588
17442,511	2739	33X	516614,7232	8548297,598	46,55208	665	55,86	-9,30792
17451,384	2740	33X	516611,3205	8548289,412	46,18247	660	55,44	-9,25753
17460,028	2741	33X	516607,9461	8548281,461	45,84799	655	55,02	-9,17201
17468,507	2742	33X	516604,5594	8548273,693	45,55192	650	54,6	-9,04808
17476,956	2743	33X	516601,0914	8548265,993	44,54519	645	54,18	-9,63481
17485,512	2744	33X	516597,4735	8548258,243	44,32871	640	53,76	-9,43129
17494,243	2745	33X	516593,6721	8548250,385	44,15219	635	53,34	-9,18781
17502,936	2746	33X	516589,7946	8548242,605	44,01041	630	52,92	-8,90959
17511,309	2747	33X	516585,984	8548235,15	43,89696	635	53,34	-9,44304
17519,081	2748	33X	516582,383	8548228,264	43,80542	640	53,76	-9,95458
17526,07	2749	33X	516579,0827	8548222,103	44,47957	645	54,18	-9,70043
17532,514	2750	33X	516575,9674	8548216,463	44,41412	650	54,6	-10,18588
17538,753	2751	33X	516572,8698	8548211,048	44,35397	650	54,6	-10,24603
17545,126	2752	33X	516569,6226	8548205,564	44,29402	650	54,6	-10,30598
17551,975	2753	33X	516566,0585	8548199,715	44,2292	650	54,6	-10,3708
17559,537	2754	33X	516562,0608	8548193,298	44,15552	650	54,6	-10,44448
17567,634	2755	33X	516557,7156	8548186,465	44,82344	645	54,18	-9,35656
17575,991	2756	33X	516553,1597	8548179,46	44,73456	645	54,18	-9,44544
17584,329	2757	33X	516548,5301	8548172,527	44,64045	630	52,92	-8,27955
17592,439	2758	33X	516543,928	8548165,849	43,79065	615	51,66	-7,86935
17600,393	2759	33X	516539,3123	8548159,372	43,67656	605	50,82	-7,14344
17608,329	2760	33X	516534,6067	8548152,983	42,78755	590	49,56	-6,77245
17616,386	2761	33X	516529,7345	8548146,569	42,61297	575	48,3	-5,68703
17624,635	2762	33X	516524,6615	8548140,068	41,64623	555	46,62	-4,97377
17632,879	2763	33X	516519,5229	8548133,626	35,39691	530	44,52	-9,12309
17640,854	2764	33X	516514,4961	8548127,441	17,87864	510	42,84	-24,96136
								0
								0
								0
								0
								0
								0
								0
								0
								0
								0
								0
								0
								0
								0
								0
								0
								0
								0
								0
								0
								0
								0
								0
								0
								0
								0
								0
								0
								0
								0
								0
								0
								0
								0
								0
								0
								0
								0
								0
								0
								0
								0
								0
								0
								0
								0
								0
								0
								0
								0
								0
								0
								0
								0
								0
								0
								0
								0
								0
								0
								0
								0
								0
								0
								0
								0
								0
								0
								0
								0
								0
								0
								0
								0
								0
								0
								0
								0
								0
								0
								0
								0
								0
								0
								0
								0
								0
								0
								0
								0
								0
								0
								0
								0
								0
								0
								0
								0
								0
								0
								0
								0
								0
								0
								0
								0
								0
								0
								0
								0
								0
								0
								0
								0
								0
								0
								0
								0
								0
								0
								0
								0
								0
								0
								0
								0
								0
								0
								0
								0
								0
								0
								0
								0
								0
								0
								0
								0
								0
								0
								0
								0
								0
								0
								0
								0
								0
								0
								0
								0
								0
								0
								0
								0
								0
								0
								0
								0
								0
								0
								0
								0
								0
								0
								0
								0
								0
								0
								0
								0
								0
								0
								0
								0
								0
								0
								0
								0
								0
								0
								0
								0
								0
								0
								0
								0
								0
								0
								0
								0
								0
								0
								0
								0
								0
								0
								0
								0
								0
								0
								0
								0
								0
								0
								0
								0
								0
								0
								0
								0
								0
								0
								0
								0
								0
								0
								0
								0
								0
								0
								0
								0
								0
								0
								0
								0
								0
								0
								0
								0
								0
								0
								0
								0
								0
								0
								0
								0
								0
								0
								0
								0
								0
								0
								0
								0
								0
								0
								0
								0
								0
								0
								0
								0
								0
								0
								0
								0
								0
								0
								0
								0
								0
								0
								0
								0
								0
								0
								0
								0
								0
								0
								0
								0
								0
								0
								0
								0
								0
								0
								0
								0
								0
								0
								0
								0
								0
								0
								0
								0
								0
								0
								0
								0
								0
								0
								0
								0
								0
								0
								0
								0
								0
								0
								0
								0
								0
								0
								0
								0
								0
								0
								0
								0
								0
								0
								0
								0
								0
								0
								0
								0
								0
								0
								0
								0
								0
								0
								0
								0
								0
								0
								0
								0
								0
								0
								0
								0
								0
								0
								0
								0
								0
								0
								0
								0
								0
								0
								0
								0
								0
								0
								0
								0
								0
								0
								0
								0
								0
								0
								0
								0
								0
								0
								0
								0
								0
								0
								0
								0
								0
								0
								0
								0
								0
								0
								0
								0
								0
								0
								0
								0
								0
								0
								0
								0
								0
								0
								0
								0
								0
								0
								0
								0
								0
								0
								0
								0
								0
								0
								0
								0
								0
								0
								0
								0
								0
								0
								0
								0
								0
								0
								0
								0
								0
								0
								0
								0
								0
								0
								0
								0
								0
								0
								0
								0
								0
								0
								0
								0
								0
								0
								0
								0
								0
								0
								0
								0
								0
								0
								0
								0
								0
								0
								0
								0
								0
								0
								0
								0
								0
								0
								0
								0
								0
								0
								0
								0
								0
								0
								0
								0
								0
								0
								0
								0
								0
								0
								0
								0
								0
								0
								0
								0
								0
								0
								0
								0
								0
								0
								0
								0
								0
								0
								0
								0
								0
								0
								0
								0
								0
								0
								0
								0
								0
								0
								0
								0
								0
								0
								0
								0
								0
								0
								0
								0
								0
								0
								0
								0
								0
								0
								0
								0
								0
								0
								0
								0
								0
								0
								0
								0
								0
								0
								0
								0
								0
								0
								0
								0
								0
								0
								0
								0
								0
								0
								0
								0
								0
								0
								0
								0
								0
								0
								0
								0
								0
								0
								0
								0
								0
								0
								0
								0
								0
								0
								0
								0
								0
								0
								0
								0
								0
								0
								0
								0
								0
								0
								0
								0
								0
								0
								0
								0
								0
								0
								0
								0
								0
								0
								0
								0
								0
								0
								0
								0
								0
								0
								0
								0
								0
								0
								0
								0
								0
								0
								0
								0
								0
								0
								0
								0
								0
								0
								0
								0
								0
								0
								0
								0
								0
								0
								0
								0
								0
								0
								0
								0
								0
								0
								0
								0
								0
								0
								0
								0
								0
								0
								0
								0
								0
								0
								0
								0
								0
								0
								0
								0
								0
								0
								0
								0
								0
								0
								0
								0
								0
								0
								0
								0
								0
								0
								0
								0
								0
								0
								0
								0
								0
								0
								0
								0
								0
								0
								0
								0
								0
								0
								0
								0
								0
								0
								0
								0
								0
								0
								0
								0
								0
								0
								0
								0
								0
								0
								0
								0
								0
								0
								0
								0
								0
								0
								0
								0
								0
								0
								0
								0
								0
								0
								0
								0
								0
								0
								0
								0
								0
								0
								0
								0
								0
								0
								0
								0
								0
								0
								0
								0
								0
								0
								0
								0
								0
								0
								0
								0
								0
								0
								0
								0
								0
								0
								0
								0
								0
								0
								0
								0
								0
								0
								0
								0
								0
								0
								0
								0
								0
								0
								0
								0
								0
								0
								0
								0
								0
								0
								0
								0
								0
								0
								0
								0
								0
								0
								0
								0
								0
								0
								0
								0
								0
								0
								0
								0
								0
								0
								0
								0
								0
								0
								0
								0
								0
								0
								0
								0
								0
								0
								0
								0
								0
								0
								0
								0
								0
								0
								0
								0
								0
								0
								0
								0
								0
								0
								0
								0
								0
								0
								0
								0
								0
								0
								0
								0
								0
								0
								0
								0
								0
								0
								0
								0
								0
								0
								0
								0
								0
								0
								0
								0
								0
								0
								0
								0
								0
								0
								0
								0
								0
								0
								0
								0
								0
								0
								0
								0
								0
								0
								0
								0
								0
								0
								0
								0
								0
								0
								0
								0
								0
								0
								0
								0
								0
								0
								0
								0
								0
								0
								0
								0
								0
								0
								0
								0
								0
								0
								0
								0
								0
								0
								0
								0
								0
								0
								0
								0
								0
								0
								0
								0
								0
								0
								0
								0
								0
								0
								0
								0
								0
								0
								0
								0
								0
								0
								0
								0
								0
								0
								0
								0
								0
								0
								0
								0
								0
								0
								0
								0
								0
								0
								0
								0
								0
								0
								0
								0
								0
								0
								0
								0
								0
								0
								0
								0
								0
								0
								0
								0
								0
								0
								0
								0
								0
								0
								0
								0
								0
								0
								0
								0
								0
								0
								0
								0
								0
								0
								0
								0
								0
								0
								0
								0
								0
								0
								0
								0
								0
								0
								0
								0
								0
								0
								0
								0
								0
								0
								0
								0
								0
								0
								0
								0
								0
								0
								0
								0
								0
								0
								0
								0
								0
								0
								0
								0
								0
								0
								0
								0
								0
								0
								0
								0
								0
								0
								0
								0
								0
								0
								0
								0
								0
								0
								0
								0
								0
								0
								0
								0
								0
								0
								0
								0
								0
								0
								0
								0
								0
								0
								0
								0
								0
								0
								0
								0
								0
								0
								0
								0
								0
								0
								0
								0
								0
								0
								0
								0
								0
								0
								0
								0
								0
								0
								0
								0
								0
								0
								0
								0
								0
								0
								0
								0
								0
								0
								0
								0
								0
								0
								0
								0
								0
								0
								0
								0
								0
								0
								0
								0
								0
								0
								0
								0
								0
								0
								0
								0
								0
								0
								0
								0
								0
								0
								0
								0
								0
								0
								0
								0
								0
								0
								0
								0
								0
								0
								0
								0
								0
								0
								0
								0
								0
								0
								0
								0
								0
								0
								0
								0
								0
								0
								0
								0
								0
								0
								0
								0
								0
								0
								0
								0
								0
								0
								0
								0
								0
								0
								0
								0
								0
								0
								0
								0
								0
								0
								0
								0
								0
								0
								0
								0
								0
								0
								0
								0
								0
								0
								0
								0
								0
								0
								0
								0
								0
								0
								0
								0
								0
								0
								0
								0
								0
								0
								0
								0
								0
								0
								0
								0
								0
								0
								0
								0
								0
								0
								0
								0
								0
								0
								0
								0
								0
								0
								0
								0
								0
								0
								0
								0
								0
								0
								0
								0
								0
								0
								0
								0
								0
								0
								0
								0
								0
								0
								0
								0
								0
								0
								0
								0
								0
								0
								0
								0
								0
								0
								0
								0
								0
								0
								0
								0
								0
								0
								0
								0
								0
								0
								0
								0
								0
								0
								0
								0
								0
								0
								0
								0
								0
								0
								0
								0
								0
								0
								0
								0
								0
								0
								0
								0
								0
								0
								0
								0
								0
								0
								0
								0
								0
								0
								0
								0
								0
								0
								0
								0
								0
								0
								0
								0
								0
								0
								0
								0
								0
								0
								0
								0
								0
								0
								0
								0
								0
								0
								0
								0
								0
								0
								0
								0
								0
								0
								0
								0
								0
								0
								0
								0
								0
								0
								0
								0
								0
								0
								0
								0
								0
								0
								0
								0
								0
								0
								0
								0
								0
								0
								0
								0
								0
								0
								0
								0
								0
								0
								0
								0
								0
								0
								0
								0
								0
								0
								0
								0
								0
								0
								0
								0
								0
								0
								0
								0
								0
								0
								0
								0
								0
								0
								0
								0
								0
								0
								0
								0
								0
								0
								0
								0
								0
								0
								0
								0
								0
								0
								0
								0
								0
								0
								0
								0
								0
								0
								0
								0
								0
								0
								0
								0
								0
								0
								0
								0
								0
								0
								0
								0
								0
								0
								0
								0
								0
								0
								0
								0
								0
								0
								0
								0
								0
								0
								0
								0
								0
								0
								0
								0
								0
								0
								0
								0
								0
								0
								0
								0
								0
								0
								0
								0
								0
								0
								0
								0
								0
								0
								0
								0
								0
								0
								0
								0
								0
								0
								0
								0
								0
								0
								0
								0
								0
								0
								0
								0
								0
								0
								0
								0
								0
								0
								0
								0
								0
								0
								0
								0
								0
								0
								0
								0
								0
								0
								0
								0
								0
								0
								0
								0
								0
								0
								0
								0
								0
								0
								0
								0
								0
								0
								0
								0
								0
								0
								0
								0
								0
								0
								0
								0
								0
								0
								0
								0
								0
								0
								0
								0
								0
								0
								0
								0
								0
								0
								0
								0
								0
								0
								0
								0
								0
								0
								0
								0
								0
								0
								0
								0
								0
								0
								0
								0
								0
								0
								0
								0
								0
								0
								0
								0
								0
								0
								0
								0
								0
								0
								0
								0
								0
								0
								0
								0
								0
								0
								0
								0
								0
								0
								0
								0
								0
								0
								0
								0
								0
								0
								0
								0
								0
								0
								0
								0
								0
								0
								0
								0
								0
								0
								0
								0
								0
								0
								0
								0
								0
								0
								0
								0
								0
								0
								0
								0
								0
								0
								0
								0
								0
								0
								0
								0
								0
								0
								0
								0
								0
								0
								0
								0
								0
								0
								0
								0
								0
								0
								0
								0
								0
								0
								0
								0
								0
								0
								0
								0
								0
								0
								0
								0
								0
								0
								0
								0
								0
								0
								0
								0
								0
								0
								0
								0
								0
								0
								0
								0
								0
								0
								0
								0
								0
								0
								0
								0
								0
								0
								0
								0
								0
								0
								0
								0
								0
								0
								0
								0
								0
								0
								0
								0
								0
								0
								0
								0
								0
								0
								0
								0
								0
								0
								0
								0
								0
								0
								0
								0
								0
								0
								0
								0
								0
								0
								0
								0
								0
								0
								0
								0
								0
								0
								0
								0
								0
								0
								0
								0
								0
								0
								0
								0
								0
								0
								0
								0
								0
								0
								0
								0
								0
								0
								0
								0
								0
								0
								0
								0
								0
								0
								0
								0
								0
								0
								0
								0
								0
								0
								0
								0
								0
								0
								0
								0
								0
								0
								0
								0
								0
								0
								0
								0
								0
								0
								0
								0
								0
								0
								0
								0
								0
								0
								0
								0
								0
								0
								0
								0
								0
								0
								0
								0
								0
								0
								0
								0
								0
								0
								0
								0
								0
								0
								0
								0
								0
								0
								0
								0
								0
								0
								0
								0
								0
								0
								0
								0
								0
								0
								0
								0
								0
								0
								0
								0
								0
								0
								0
								0
								0
								0
								0
								0
								0
								0
								0
								0
								0
								0
								0
								0
								0
								0
								0
								0
								0
								0
								0
								0
								0
								0
								0
								0
								0
								0
								0
								0
								0
								0
								0
								0
								0
								0
								0
								0
								0
								0
								0
								0
								0
								0
								0
								0
								0
								0
								0
								0
								0
								0
								0
								0
								0
								0
								0
								0
								0
								0
								0
								0
								0
								0
								0
								0
								0
								0
								0
								0
								0
								0
								0
								0
								0
								0
								0
								0
								0
								0
								0
								0
								0
								0
								0
								0
								0
								0
								0
								0
								0
								0
								0
								0
								0
								0
								0
								0
								0
								0
								0
								0
								0
								0
								0
								0
								0
								0
								0
								0
								0
								0
								0
								0
								0
								0
								0
								0
								0
								0
								0
								0
								0
								0
								0
								0
								0
								0
								0
								0
								0
								0
								0
								0
								0
								0
								0
								0
								0
								0
								0
								0
								0
								0
								0
								0
								0
								0
								0
								0
								0
								0
								0
								0
								0
								0
								0
								0
								0
								0
								0
								0
								0
								0
								0
								0
								0
								0
								0
								0
								0
								0
								0
								0
								0
								0
								0
								0
								0
								0
								0
								0
								0
								0
								0
								0
								0
								0
								0
								0
								0
								0
								0
								0
								0
								0
								0
								0
								0
								0
								0
								0
								0
								0
								0
								0
								0
								0
								0
								0
								0
								0
								0
								0
								0
								0
								0
								0
								0
								0
								0
								0
								0
								0
								0
								0
								0
								0
								0
								0
								0
								0
								0
								0
								0
								0
								0
								0
								0
								0
								0
								0
								0
								0
								0
								0
								0
								0
								0
								0
								0
								0
								0
								0
								0
								0
								0
								0
								0
								0
								0
								0
								0
								0
								0
								0
								0
								0
								0
								0
								0
								0
								0
								0
								0
								0
								0
								0
								0
								0
								0
								0
								0
								0
								0
								0
								0
								0
								0
								0
								0
								0
								0
								0
								0
								0
								0
								0
								0
								0
								0
								0
								0
								0
								0
								0
								0
								0
								0
								0
								0
								0
								0
								0
								0
								0
								0
								0
								0
								0
								0
								0
								0
								0
								0
								0
								0
								0
								0
								0
								0
								0
								0
								0
								0
								0
								0
								0
								0
								0
								0
								0
								0
								0
								0
								0
								0
								0
								0
								0
								0
								0
								0
								0
								0
								0
								0
								0
								0
								0
								0
								0
								0
								0
								0
								0
								0
								0
								0
								0
								0
								0
								0
								0
								0
								0
								0
								0
								0
								0
								0
								0
								0
								0
								0
								0
								0
								0
								0
								0
								0
								0
								0
								0
								0
								0
								0
								0
								0
								0
								0
								0
								0
								0
								0
								0
								0
								0
								0
								0
								0
								0
								0
								0
								0
								0
								0
								0
								0
								0
								0
								0
								0
								0
								0
								0
								0
								0
								0
								0
								0
								0
								0
								0
								0
								0
								0
								0
								0
								0
								0
								0
								0
								0
								0
								0
								0
								0
								0
								0
								0
								0
								0
								0
								0
								0
								0
								0
								0
								0
								0
								0
								0
								0
								0
								0
								0
								0
								0
								0
								0
								0
								0
								0
								0
								0
								0
								0
								0
								0
								0
								0
								0
								0
								0
								0
								0
								0
								0
								0
								0
								0
								0
								0
								0
								0
								0
								0
								0
								0
								0
								0
								0
								0
								0
								0
								0
								0
								0
								0
								0
								0
								0
								0
								0
								0
								0
								0
								0
								0
								0
								0
								0
								0
								0
								0
								0
								0
								0
								0
								0
								0
								0
								0
								0
								0
								0
								0
								0
								0
								0
								0
								0
								0
								0
								0
								0
								0
								0
								0
								0
								0
								0
								0
								0
								0
								0
								0
								0
								0
								0
								0
								0
								0
								0
								0
								0
								0
								0
								0
								0
								0
								0
								0
								0
								0
								0
								0
								0
								0
								0
								0
								0
								0
								0
								0
								0
								0
								0
								0
								0
								0
								0
								0
								0
								0
								0
								0
								0
								0
								0
								0
								0
								0
								0
								0
								0
								0
								0
								0
								0
								0
								0
								0
								0
								0
								0
								0
								0
								0
								0
								0
								0
								0
								0
								0
								0
								0
								0
								0
								0
								0
								0
								0
								0
								0
								0
								0
								0
								0
								0
								0
								0
								0
								0
								0
								0
								0
								0
								0
								0
								0
								0
								0
								0
								0
								0
								0
								0
								0
								0
								0
								0
								0
								0
								0
								0
								0
								0
								0
								0
								0
								0
								0
								0
								0
								0
								0
								0
								0
								0
								0
								0
								0
								0
								0
								0
								0
								0
								0
								0
								0
								0
								0
								0
								0
								0
								0
								0
								0
								0
								0
								0
								0
								0
								0
								0
								0
								0
								0
								0
								0
								0
								0
								0
								0
								0
								0
								0
								0
								0
								0
								0
								0
								0
								0
								0
								0
								0
								0
								0
								0
								0
								0
								0
								0
								0
								0
								0
								0
								0
								0
								0
								0
								0
								0
								0
								0
								0
								0
								0
								0
								0
								0
								0
								0
								0
								0
								0
								0
								0
								0
								0
								0
								0
								0
								0
								0
								0
								0
								0
								0
								0
								0
								0
								0
								0
								0
								0
								0
								0
								0
								0
								0
								0
								0
								0
								0
								0
								0
								0
								0
								0
								0
								0
								0
								0
								0
								0
								0
								0
								0
								0
								0
								0
								0
								0
								0
								0
								0
								0
								0
								0
								0
								0
								0
								0
								0
								0
								0
								0
								0
								0
								0
								0
								0
								0
								0
								0
								0
								0
								0
								0
								0
								0
								0
								0
								0
								0
								0
								0
								0
								0
								0
								0
								0
								0
								0
								0
								0
								0
								0
								0
								0
								0
								0
								0
								0
								0
								0
								0
								0
								0
								0
								0
								0
								0
								0
								0
								0
								0
								0
								0
								0
								0
								0
								0
								0
								0
								0
								0
								0
								0
								0
								0
								0
								0
								0
								0
								0
								0
								0
								0
								0
								0
								0
								0
								0
								0
								0
								0
								0
								0
								0
								0
								0
								0
								0
								0
								0
								0
								0
								0
								0
								0
								0
								0
								0
								0
								0
								0
								0
								0
								0
								0
								0
								0
								0
								0
								0
								0
								0
								0
								0
								0
								0
								0
								0
								0
								0
								0
								0
								0
								0
								0
								0
								0
								0
								0
								0
								0
								0
								0
								0
								0
								0
								0
								0
								0
								0
								0
								0
								0
								0
								0
								0
								0
								0
								0
								0
								0
								0
								0
								0
								0
								0
								0
								0
								0
								0
								0
								0
								0
								0
								0
								0
								0
								0
								0
								0
								0
								0
								0
								0
								0
								0
								0
								0
								0
								0
								0
								0
								0
								0
								0
								0
								0
								0
								0
								0
								0
								0
								0
								0
								0
								0
								0
								0
								0
								0
								0
								0
								0
								0
								0
								0
								0
								0
								0
								0
								0
								0
								0
								0
								0
								0
								0
								0
								0
								0
								0
								0
								0
								0
								0
								0
								0
								0
								0
								0
								0
								0
								0
								0
								0
								0
								0
								0
								0
								0
								0
								0
								0
								0
								0
								0
								0
								0
								0
								0
								0
								0
								0
								0
								0
								0
								0
								0
								0
								0
								0
