Dist	TrNo	Zone	X,m	Y,m	Alt, m	TD, ns	Hice, m	Bed,m
25554,878	6124	33X	512595,8868	8560307,036	406,0545	1590	133,56	272,4945
25559,441	6125	33X	512599,7097	8560304,548	405,9596	1585	133,14	272,8196
25563,995	6126	33X	512603,6596	8560302,282	405,8656	1585	133,14	272,7256
25568,607	6127	33X	512607,7717	8560300,196	405,7773	1585	133,14	272,6373
25573,304	6128	33X	512612,0493	8560298,257	405,6991	1585	133,14	272,5591
25577,973	6129	33X	512616,3673	8560296,484	405,6357	1580	132,72	272,9157
25582,461	6130	33X	512620,5686	8560294,904	405,5918	1570	131,88	273,7118
25586,616	6131	33X	512624,4962	8560293,549	405,5722	1555	130,62	274,9522
25590,338	6132	33X	512628,0465	8560292,432	405,5811	1545	129,78	275,8011
25593,748	6133	33X	512631,3301	8560291,513	405,6206	1530	128,52	277,1006
25597,024	6134	33X	512634,5115	8560290,736	406,4426	1520	127,68	278,7626
25600,342	6135	33X	512637,755	8560290,045	406,5487	1505	126,42	280,1287
25603,876	6136	33X	512641,2247	8560289,386	406,6907	1495	125,58	281,1107
25607,747	6137	33X	512645,0335	8560288,717	406,8675	1485	124,74	282,1275
25611,861	6138	33X	512649,0877	8560288,049	407,0665	1470	123,48	283,5865
25616,07	6139	33X	512653,2421	8560287,406	407,2724	1460	122,64	284,6324
25620,226	6140	33X	512657,3515	8560286,815	407,4698	1455	122,22	285,2498
25624,222	6141	33X	512661,308	8560286,289	407,6477	1450	121,8	285,8477
25628,1	6142	33X	512665,1525	8560285,804	407,8127	1440	120,96	286,8527
25631,944	6143	33X	512668,9633	8560285,324	408,7259	1435	120,54	288,1859
25635,837	6144	33X	512672,8185	8560284,814	408,8984	1430	120,12	288,7784
25639,826	6145	33X	512676,7626	8560284,249	409,0872	1420	119,28	289,8072
25643,819	6146	33X	512680,7049	8560283,642	409,2837	1415	118,86	290,4237
25647,691	6147	33X	512684,5207	8560283,019	409,4751	1410	118,44	291,0351
25651,312	6148	33X	512688,0857	8560282,404	409,6488	1405	118,02	291,6288
25654,607	6149	33X	512691,3232	8560281,813	409,7945	1400	117,6	292,1945
25657,691	6150	33X	512694,3487	8560281,227	409,9113	1395	117,18	292,7313
25660,73	6151	33X	512697,3254	8560280,619	410,0008	1390	116,76	293,2408
25663,891	6152	33X	512700,4167	8560279,963	410,0645	1385	116,34	293,7245
25667,339	6153	33X	512703,786	8560279,232	410,1038	1380	115,92	294,1838
25671,192	6154	33X	512707,5498	8560278,408	409,3698	1375	115,5	293,8698
25675,376	6155	33X	512711,6371	8560277,513	410,111	1370	115,08	295,031
25679,77	6156	33X	512715,9302	8560276,578	409,3254	1365	114,66	294,6654
25684,251	6157	33X	512720,3114	8560275,637	409,261	1360	114,24	295,021
25688,723	6158	33X	512724,6861	8560274,714	408,4174	1355	113,82	294,5974
25693,182	6159	33X	512729,0529	8560273,819	408,3003	1350	113,4	294,9003
25697,65	6160	33X	512733,4336	8560272,954	408,167	1340	112,56	295,607
25702,146	6161	33X	512737,8498	8560272,122	407,2746	1335	112,14	295,1346
25706,692	6162	33X	512742,3236	8560271,327	407,1271	1330	111,72	295,4071
25711,311	6163	33X	512746,8778	8560270,572	407,715	1325	111,3	296,415
25716,026	6164	33X	512751,5352	8560269,861	406,7756	1320	110,88	295,8956
25720,861	6165	33X	512756,3189	8560269,199	406,5459	1315	110,46	296,0859
25725,81	6166	33X	512761,2222	8560268,59	406,2688	1310	110,04	296,2288
25730,748	6167	33X	512766,12	8560268,042	405,9595	1305	109,62	296,3395
25735,52	6168	33X	512770,8574	8560267,563	405,6386	1295	108,78	296,8586
25739,972	6169	33X	512775,2798	8560267,163	405,3268	1280	107,52	297,8068
25744,004	6170	33X	512779,2897	8560266,845	404,2896	1270	106,68	297,6096
25747,751	6171	33X	512783,0188	8560266,6	404,0214	1255	105,42	298,6014
25751,403	6172	33X	512786,6562	8560266,417	403,7612	1245	104,58	299,1812
25755,149	6173	33X	512790,3909	8560266,282	403,498	1230	103,32	300,178
25759,181	6174	33X	512794,4121	8560266,182	403,2211	1220	102,48	300,7411
25763,629	6175	33X	512798,8496	8560266,108	402,9218	1200	100,8	302,1218
25768,387	6176	33X	512803,5968	8560266,063	402,6023	1180	99,12	303,4823
25773,29	6177	33X	512808,4879	8560266,051	402,267	1165	97,86	304,407
25778,172	6178	33X	512813,3572	8560266,078	401,9202	1145	96,18	305,7402
25782,909	6179	33X	512818,0811	8560266,147	401,5639	1125	94,5	307,0639
25787,55	6180	33X	512822,7052	8560266,246	401,1894	1110	93,24	307,9494
25792,181	6181	33X	512827,3173	8560266,361	400,7856	1085	91,14	309,6456
25796,891	6182	33X	512832,0053	8560266,478	400,3412	1060	89,04	311,3012
25801,729	6183	33X	512836,8165	8560266,583	399,8517	1035	86,94	312,9117
25806,577	6184	33X	512841,6365	8560266,67	399,3391	1010	84,84	314,4991
25811,278	6185	33X	512846,3105	8560266,733	398,832	985	82,74	316,092
25815,677	6186	33X	512850,6834	8560266,765	398,359	960	80,64	317,719
25819,675	6187	33X	512854,6598	8560266,761	397,939	940	78,96	318,979
25823,417	6188	33X	512858,3811	8560266,713	397,5518	915	76,86	320,6918
25827,106	6189	33X	512862,0483	8560266,613	396,4174	890	74,76	321,6574
25830,945	6190	33X	512865,8623	8560266,454	396,0057	865	72,66	323,3457
25835,139	6191	33X	512870,0238	8560266,228	395,5368	855	71,82	323,7168
25839,83	6192	33X	512874,6723	8560265,929	394,9873	845	70,98	324,0073
25844,911	6193	33X	512879,7015	8560265,563	394,3602	830	69,72	324,6402
25850,216	6194	33X	512884,9434	8560265,138	393,6655	820	68,88	324,7855
25855,577	6195	33X	512890,2303	8560264,662	392,9128	810	68,04	324,8728
25860,87	6196	33X	512895,4368	8560264,142	392,1125	800	67,2	324,9125
25866,139	6197	33X	512900,608	8560263,577	391,2767	790	66,36	324,9167
25871,468	6198	33X	512905,8313	8560262,964	390,4182	785	65,94	324,4782
25876,941	6199	33X	512911,1942	8560262,301	389,5497	780	65,52	324,0297
25882,596	6200	33X	512916,7374	8560261,592	388,6857	775	65,1	323,5857
25888,282	6201	33X	512922,3146	8560260,862	388,598	770	64,68	323,918
25893,805	6202	33X	512927,7326	8560260,142	387,8102	770	64,68	323,1302
25898,965	6203	33X	512932,7982	8560259,463	387,0958	765	64,26	322,8358
25903,637	6204	33X	512937,3868	8560258,848	386,4678	760	63,84	322,6278
25907,974	6205	33X	512941,6486	8560258,282	385,8972	760	63,84	322,0572
25912,199	6206	33X	512945,802	8560257,743	385,344	765	64,26	321,084
25916,534	6207	33X	512950,0658	8560257,207	384,7687	765	64,26	320,5087
25921,204	6208	33X	512954,6586	8560256,652	384,1313	765	64,26	319,8713
25926,365	6209	33X	512959,734	8560256,063	383,4037	765	64,26	319,1437
25931,909	6210	33X	512965,1852	8560255,453	382,6035	765	64,26	318,3435
25937,658	6211	33X	512970,8404	8560254,846	381,7597	765	64,26	317,4997
25943,44	6212	33X	512976,5278	8560254,264	380,9014	765	64,26	316,6414
25949,112	6213	33X	512982,1107	8560253,723	380,0542	765	64,26	315,7942
25954,679	6214	33X	512987,593	8560253,215	378,4796	775	65,1	313,3796
25960,18	6215	33X	512993,0138	8560252,725	377,6857	780	65,52	312,1657
25965,653	6216	33X	512998,4121	8560252,238	376,9305	785	65,94	310,9905
25971,137	6217	33X	513003,827	8560251,739	375,47	790	66,36	309,11
25976,673	6218	33X	513009,2978	8560251,21	374,0517	800	67,2	306,8517
25982,304	6219	33X	513014,8634	8560250,635	373,4213	815	68,46	304,9613
25988,071	6220	33X	513020,5632	8560249,996	373,5743	835	70,14	303,4343
25993,977	6221	33X	513026,3992	8560249,284	372,2581	855	71,82	300,4381
25999,876	6222	33X	513032,2254	8560248,524	371,7267	870	73,08	298,6467
26005,584	6223	33X	513037,8586	8560247,751	371,2362	890	74,76	296,4762
26010,913	6224	33X	513043,1157	8560246,997	370,0423	910	76,44	293,6023
26015,749	6225	33X	513047,8825	8560246,285	369,6468	930	78,12	291,5268
26020,256	6226	33X	513052,3207	8560245,589	368,5351	945	79,38	289,1551
26024,669	6227	33X	513056,6605	8560244,868	368,1882	965	81,06	287,1282
26029,223	6228	33X	513061,1325	8560244,084	368,5873	980	82,32	286,2673
26034,152	6229	33X	513065,9671	8560243,199	368,2135	995	83,58	284,6335
26039,619	6230	33X	513071,3236	8560242,185	367,0526	1010	84,84	282,2126
26045,497	6231	33X	513077,0767	8560241,066	366,6082	1030	86,52	280,0882
26051,585	6232	33X	513083,0296	8560239,877	366,1386	1045	87,78	278,3586
26057,685	6233	33X	513088,9857	8560238,653	365,652	1060	89,04	276,612
26063,647	6234	33X	513094,7976	8560237,421	365,1556	1080	90,72	274,4356
26069,519	6235	33X	513100,5146	8560236,177	364,6524	1095	91,98	272,6724
26075,4	6236	33X	513106,2349	8560234,909	362,6442	1110	93,24	269,4042
26081,389	6237	33X	513112,0569	8560233,605	362,1332	1130	94,92	267,2132
26087,532	6238	33X	513118,0296	8560232,262	361,6227	1140	95,76	265,8627
26093,676	6239	33X	513124,0045	8560230,918	361,8732	1155	97,02	264,8532
26099,619	6240	33X	513129,7836	8560229,618	360,6466	1170	98,28	262,3666
26105,155	6241	33X	513135,1689	8560228,411	360,2048	1185	99,54	260,6648
26110,156	6242	33X	513140,0347	8560227,327	360,5552	1200	100,8	259,7552
26114,788	6243	33X	513144,5436	8560226,335	360,1862	1215	102,06	258,1262
26119,29	6244	33X	513148,9305	8560225,387	360,5817	1230	103,32	257,2617
26123,903	6245	33X	513153,4303	8560224,436	359,4756	1245	104,58	254,8956
26128,867	6246	33X	513158,2776	8560223,433	359,1015	1260	105,84	253,2615
26134,351	6247	33X	513163,6381	8560222,347	358,6974	1275	107,1	251,5974
26140,242	6248	33X	513169,4	8560221,2	359,0167	1290	108,36	250,6567
26146,354	6249	33X	513175,3824	8560220,031	359,3168	1305	109,62	249,6968
26152,503	6250	33X	513181,4043	8560218,878	358,8553	1320	110,88	247,9753
26158,54	6251	33X	513187,3202	8560217,772	358,3867	1335	112,14	246,2467
26164,463	6252	33X	513193,127	8560216,707	357,9038	1355	113,82	244,0838
26170,308	6253	33X	513198,8574	8560215,673	357,3969	1370	115,08	242,3169
26176,11	6254	33X	513204,5437	8560214,656	356,856	1385	116,34	240,516
26181,904	6255	33X	513210,2191	8560213,642	357,0225	1400	117,6	239,4225
26187,73	6256	33X	513215,9192	8560212,616	356,3928	1420	119,28	237,1128
26193,626	6257	33X	513221,68	8560211,56	354,9648	1435	120,54	234,4248
26199,631	6258	33X	513227,5377	8560210,458	354,9863	1450	121,8	233,1863
26205,747	6259	33X	513233,493	8560209,302	354,2106	1465	123,06	231,1506
26211,827	6260	33X	513239,4044	8560208,121	353,4138	1500	126	227,4138
26217,689	6261	33X	513245,0953	8560206,955	352,6277	1530	128,52	224,1077
26223,149	6262	33X	513250,3887	8560205,843	352,6339	1565	131,46	221,1739
26228,094	6263	33X	513255,1757	8560204,809	351,9522	1595	133,98	217,9722
26232,692	6264	33X	513259,6186	8560203,815	351,3054	1625	136,5	214,8054
26237,184	6265	33X	513263,9476	8560202,809	351,4043	1660	139,44	211,9643
26241,809	6266	33X	513268,3929	8560201,738	349,9598	1690	141,96	207,9998
26246,807	6267	33X	513273,1845	8560200,548	349,1826	1720	144,48	204,7026
26252,343	6268	33X	513278,4821	8560199,204	348,2979	1755	147,42	200,8779
26258,289	6269	33X	513284,1626	8560197,735	347,3372	1785	149,94	197,3972
26264,44	6270	33X	513290,0326	8560196,189	346,3463	1820	152,88	193,4663
26270,592	6271	33X	513295,8984	8560194,611	345,3711	1850	155,4	189,9711
26276,591	6272	33X	513301,6144	8560193,039	344,4485	1880	157,92	186,5285
26282,483	6273	33X	513307,2264	8560191,469	344,33	1915	160,86	183,47
26288,362	6274	33X	513312,8281	8560189,886	342,7583	1945	163,38	179,3783
26294,322	6275	33X	513318,5135	8560188,278	342,7262	1975	165,9	176,8262
26300,409	6276	33X	513324,3286	8560186,642	341,9793	2010	168,84	173,1393
26306,473	6277	33X	513330,1294	8560185,019	341,2752	2040	171,36	169,9152
26312,316	6278	33X	513335,7243	8560183,464	340,6246	2075	174,3	166,3246
26317,74	6279	33X	513340,9215	8560182,03	340,038	2105	176,82	163,218
26322,617	6280	33X	513345,5998	8560180,752	339,5205	2135	179,34	160,1805
26327,113	6281	33X	513349,9189	8560179,592	339,0553	2170	182,28	156,7753
26331,467	6282	33X	513354,1088	8560178,49	338,62	2180	183,12	155,5
26335,917	6283	33X	513358,3995	8560177,392	338,1921	2195	184,38	153,8121
26340,701	6284	33X	513363,0212	8560176,238	337,7492	2205	185,22	152,5292
26345,986	6285	33X	513368,1343	8560174,99	337,2762	2215	186,06	151,2162
26351,649	6286	33X	513373,6216	8560173,676	336,7873	2230	187,32	149,4673
26357,498	6287	33X	513379,2963	8560172,344	336,3038	2240	188,16	148,1438
26363,339	6288	33X	513384,9717	8560171,041	335,8471	2255	189,42	146,4271
26369,028	6289	33X	513390,5083	8560169,801	335,4326	2265	190,26	145,1726
26374,618	6290	33X	513395,9554	8560168,605	335,0515	2280	191,52	143,5315
26380,211	6291	33X	513401,4096	8560167,422	334,6892	2290	192,36	142,3292
26385,908	6292	33X	513406,9676	8560166,219	334,3307	2300	193,2	141,1307
26391,764	6293	33X	513412,6786	8560164,978	333,9668	2315	194,46	139,5068
26397,634	6294	33X	513418,4027	8560163,728	333,6093	2325	195,3	138,3093
26403,326	6295	33X	513423,9526	8560162,509	332,5254	2340	196,56	135,9654
26408,647	6296	33X	513429,141	8560161,363	332,2322	2350	197,4	134,8322
26413,477	6297	33X	513433,8493	8560160,316	331,9913	2365	198,66	133,3313
26417,974	6298	33X	513438,2339	8560159,334	332,5416	2375	199,5	133,0416
26422,372	6299	33X	513442,5197	8560158,364	331,6162	2375	199,5	132,1162
26426,9	6300	33X	513446,9318	8560157,359	330,6985	2370	199,08	131,6185
26431,791	6301	33X	513451,6952	8560156,267	331,2715	2370	199,08	132,1915
26437,204	6302	33X	513456,9671	8560155,053	331,0723	2370	199,08	131,9923
26443,023	6303	33X	513462,6333	8560153,745	330,8527	2365	198,66	132,1927
26449,062	6304	33X	513468,5116	8560152,385	330,6182	2365	198,66	131,9582
26455,132	6305	33X	513474,4201	8560151,015	330,3744	2360	198,24	132,1344
26461,083	6306	33X	513480,2126	8560149,671	330,8768	2360	198,24	132,6368
26466,912	6307	33X	513485,8866	8560148,358	330,6304	2355	197,82	132,8104
26472,652	6308	33X	513491,4757	8560147,075	330,3903	2355	197,82	132,5703
26478,334	6309	33X	513497,0134	8560145,821	330,1616	2345	196,98	133,1816
26483,993	6310	33X	513502,5329	8560144,594	329,9484	2330	195,72	134,2284
26489,658	6311	33X	513508,0658	8560143,391	329,7521	2315	194,46	135,2921
26495,363	6312	33X	513513,6436	8560142,208	329,5729	2305	193,62	135,9529
26501,138	6313	33X	513519,2977	8560141,043	329,4114	2290	192,36	137,0514
26506,982	6314	33X	513525,026	8560139,896	329,2672	2280	191,52	137,7472
26512,757	6315	33X	513530,6931	8560138,79	329,1373	2290	192,36	136,7773
26518,294	6316	33X	513536,1301	8560137,753	329,0179	2300	193,2	135,8179
26523,42	6317	33X	513541,1683	8560136,813	328,9052	2310	194,04	134,8652
26528,031	6318	33X	513545,7035	8560135,986	328,7953	2320	194,88	133,9153
26532,285	6319	33X	513549,8905	8560135,244	328,6828	2330	195,72	132,9628
26536,404	6320	33X	513553,9485	8560134,546	328,5625	2340	196,56	132,0025
26540,613	6321	33X	513558,0971	8560133,853	328,4287	2350	197,4	131,0287
26545,133	6322	33X	513562,5556	8560133,123	327,526	2360	198,24	129,286
26550,121	6323	33X	513567,4768	8560132,33	327,3499	2370	199,08	128,2699
26555,462	6324	33X	513572,7477	8560131,49	327,1491	2380	199,92	127,2291
26560,974	6325	33X	513578,1883	8560130,634	326,9237	2390	200,76	126,1637
26566,476	6326	33X	513583,619	8560129,79	326,6734	2395	201,18	125,4934
26571,832	6327	33X	513588,9072	8560128,98	326,4009	2405	202,02	124,3809
26577,101	6328	33X	513594,1086	8560128,188	326,1205	2415	202,86	123,2605
26582,387	6329	33X	513599,3261	8560127,389	325,8494	2420	203,28	122,5694
26587,793	6330	33X	513604,6627	8560126,558	324,8546	2430	204,12	120,7346
26593,376	6331	33X	513610,1724	8560125,68	324,6502	2435	204,54	120,1102
26598,993	6332	33X	513615,7143	8560124,779	325,2368	2455	206,22	119,0168
26604,452	6333	33X	513621,0986	8560123,887	325,112	2475	207,9	117,212
26609,561	6334	33X	513626,1355	8560123,037	324,2732	2495	209,58	114,6932
26614,197	6335	33X	513630,7041	8560122,251	324,2185	2515	211,26	112,9585
26618,517	6336	33X	513634,9583	8560121,5	324,1988	2535	212,94	111,2588
26622,748	6337	33X	513639,121	8560120,743	324,2156	2555	214,62	109,5956
26627,117	6338	33X	513643,415	8560119,939	324,2702	2575	216,3	107,9702
26631,851	6339	33X	513648,0631	8560119,047	324,3642	2595	217,98	106,3842
26637,106	6340	33X	513653,2187	8560118,04	324,5002	2615	219,66	104,8402
26642,756	6341	33X	513658,7578	8560116,941	324,6854	2635	221,34	103,3454
26648,605	6342	33X	513664,4871	8560115,789	324,9284	2655	223,02	101,9084
26654,457	6343	33X	513670,2132	8560114,619	325,9877	2675	224,7	101,2877
26660,164	6344	33X	513675,7885	8560113,462	325,6174	2695	226,38	99,2374
26665,76	6345	33X	513681,2475	8560112,315	326,0556	2720	228,48	97,5756
26671,323	6346	33X	513686,6708	8560111,171	327,2858	2750	231	96,2858
26676,933	6347	33X	513692,1384	8560110,021	327,7918	2775	233,1	94,6918
26682,626	6348	33X	513697,6884	8560108,862	328,3068	2800	235,2	93,1068
26688,266	6349	33X	513703,1895	8560107,724	328,8119	2830	237,72	91,0919
26693,675	6350	33X	513708,4678	8560106,641	329,2877	2855	239,82	89,4677
26698,675	6351	33X	513713,3496	8560105,65	329,7148	2880	241,92	87,7948
26703,153	6352	33X	513717,7253	8560104,773	330,0807	2910	244,44	85,6407
26707,259	6353	33X	513721,7417	8560103,982	330,4006	2935	246,54	83,8606
26711,209	6354	33X	513725,6097	8560103,237	330,6967	2960	248,64	82,0567
26715,22	6355	33X	513729,5403	8560102,497	330,9912	2985	250,74	80,2512
26719,506	6356	33X	513733,7444	8560101,722	331,3061	3015	253,26	78,0461
26724,222	6357	33X	513738,3717	8560100,882	331,6557	3040	255,36	76,2957
26729,27	6358	33X	513743,3271	8560099,992	332,0225	3065	257,46	74,5625
26734,49	6359	33X	513748,4541	8560099,078	332,3808	3080	258,72	73,6608
26739,723	6360	33X	513753,5965	8560098,164	332,7051	3095	259,98	72,7251
26744,843	6361	33X	513758,6309	8560097,271	332,9762	3110	261,24	71,7362
26749,861	6362	33X	513763,566	8560096,395	333,199	3125	262,5	70,699
26754,819	6363	33X	513768,4438	8560095,526	333,3847	3145	264,18	69,2047
26759,761	6364	33X	513773,306	8560094,655	333,5448	3160	265,44	68,1048
26764,73	6365	33X	513778,1935	8560093,771	332,9365	3175	266,7	66,2365
26769,763	6366	33X	513783,143	8560092,866	333,0526	3190	267,96	65,0926
26774,897	6367	33X	513788,1904	8560091,93	333,1319	3205	269,22	63,9119
26780,169	6368	33X	513793,3715	8560090,953	333,1631	3220	270,48	62,6831
26785,583	6369	33X	513798,6883	8560089,934	333,1404	3230	271,32	61,8204
26791,002	6370	33X	513804,0079	8560088,9	333,0785	3240	272,16	60,9185
26796,258	6371	33X	513809,1637	8560087,883	332,9974	3245	272,58	60,4174
26801,179	6372	33X	513813,9891	8560086,92	332,9173	3255	273,42	59,4973
26805,66	6373	33X	513818,3803	8560086,029	332,1041	3265	274,26	57,8441
26809,852	6374	33X	513822,4849	8560085,18	332,0579	3275	275,1	56,9579
26813,97	6375	33X	513826,5132	8560084,326	332,7751	3285	275,94	56,8351
26818,23	6376	33X	513830,6757	8560083,422	332,0019	3295	276,78	55,2219
26822,846	6377	33X	513835,1827	8560082,422	331,2344	3300	277,2	54,0344
26827,968	6378	33X	513840,1787	8560081,295	331,2201	3310	278,04	53,1801
26833,473	6379	33X	513845,5443	8560080,064	330,4621	3320	278,88	51,5821
26839,172	6380	33X	513851,0939	8560078,769	330,4646	3330	279,72	50,7446
26844,875	6381	33X	513856,6421	8560077,448	331,2318	3340	280,56	50,6718
26850,44	6382	33X	513862,0488	8560076,131	331,2679	3350	281,4	49,8679
26855,908	6383	33X	513867,3555	8560074,812	331,3266	3360	282,24	49,0866
26861,368	6384	33X	513872,6489	8560073,477	331,4116	3365	282,66	48,7516
26866,907	6385	33X	513878,0159	8560072,111	331,5265	3375	283,5	48,0265
26872,568	6386	33X	513883,4991	8560070,711	331,6725	3385	284,34	47,3325
26878,212	6387	33X	513888,9647	8560069,315	331,8413	3395	285,18	46,6613
26883,655	6388	33X	513894,2349	8560067,969	332,0221	3405	286,02	46,0021
26888,711	6389	33X	513899,1316	8560066,721	332,2042	3410	286,44	45,7642
26893,265	6390	33X	513903,543	8560065,603	332,3796	3415	286,86	45,5196
26897,473	6391	33X	513907,621	8560064,58	332,5516	3420	287,28	45,2716
26901,559	6392	33X	513911,5835	8560063,601	332,7261	3425	287,7	45,0261
26905,745	6393	33X	513915,6484	8560062,614	332,9093	3430	288,12	44,7893
26910,258	6394	33X	513920,0335	8560061,569	333,107	3440	288,96	44,147
26915,252	6395	33X	513924,8915	8560060,431	333,3233	3445	289,38	43,9433
26920,616	6396	33X	513930,1142	8560059,228	333,5536	3450	289,8	43,7536
26926,171	6397	33X	513935,5279	8560058,005	333,7914	3455	290,22	43,5714
26931,738	6398	33X	513940,959	8560056,808	334,78	3460	290,64	44,14
26937,184	6399	33X	513946,2791	8560055,67	335,0139	3465	291,06	43,9539
26942,561	6400	33X	513951,5397	8560054,578	335,2423	3470	291,48	43,7623
26947,971	6401	33X	513956,8376	8560053,509	335,4651	3475	291,9	43,5651
26953,511	6402	33X	513962,2694	8560052,438	334,9324	3480	292,32	42,6124
26959,233	6403	33X	513967,8834	8560051,351	335,1436	3490	293,16	41,9836
26964,99	6404	33X	513973,535	8560050,272	335,3443	3495	293,58	41,7643
26970,587	6405	33X	513979,031	8560049,232	335,5292	3500	294	41,5292
26975,827	6406	33X	513984,1784	8560048,263	335,6931	3505	294,42	41,2731
26980,587	6407	33X	513988,8543	8560047,385	335,8323	3510	294,84	40,9923
26985,027	6408	33X	513993,2164	8560046,565	335,9489	3515	295,26	40,6889
26989,38	6409	33X	513997,4922	8560045,757	336,7963	3520	295,68	41,1163
26993,877	6410	33X	514001,9096	8560044,916	336,8781	3525	296,1	40,7781
26998,752	6411	33X	514006,6963	8560043,995	336,9477	3535	296,94	40,0077
27004,168	6412	33X	514012,0122	8560042,961	337,0085	3540	297,36	39,6485
27010,012	6413	33X	514017,746	8560041,833	337,0622	3545	297,78	39,2822
27016,103	6414	33X	514023,7186	8560040,639	337,1103	3550	298,2	38,9103
27022,26	6415	33X	514029,7509	8560039,409	337,1545	3555	298,62	38,5345
27028,336	6416	33X	514035,6988	8560038,166	337,1949	3560	299,04	38,1549
27034,328	6417	33X	514041,5576	8560036,91	337,2265	3565	299,46	37,7665
27040,267	6418	33X	514047,3576	8560035,632	337,243	3570	299,88	37,363
27046,185	6419	33X	514053,1291	8560034,323	337,2381	3575	300,3	36,9381
27052,114	6420	33X	514058,9034	8560032,977	337,2071	3580	300,72	36,4871
27058,091	6421	33X	514064,7153	8560031,586	337,1522	3585	301,14	36,0122
27064,151	6422	33X	514070,6008	8560030,142	337,0771	3595	301,98	35,0971
27070,333	6423	33X	514076,5958	8560028,639	336,9857	3595	301,98	35,0057
27076,633	6424	33X	514082,6995	8560027,078	336,882	3600	302,4	34,482
27082,9	6425	33X	514088,7646	8560025,505	337,5223	3600	302,4	35,1223
27088,941	6426	33X	514094,6072	8560023,974	338,1631	3605	302,82	35,3431
27094,564	6427	33X	514100,0433	8560022,54	338,811	3610	303,24	35,571
27099,65	6428	33X	514104,9598	8560021,239	338,7209	3610	303,24	35,4809
27104,374	6429	33X	514109,5263	8560020,033	339,391	3605	302,82	36,571
27108,983	6430	33X	514113,9833	8560018,863	339,3181	3595	301,98	37,3381
27113,723	6431	33X	514118,5712	8560017,674	339,9988	3590	301,56	38,4388
27118,841	6432	33X	514123,5303	8560016,408	339,9297	3580	300,72	39,2097
27124,511	6433	33X	514129,0282	8560015,027	340,6086	3570	299,88	40,7286
27130,601	6434	33X	514134,9406	8560013,568	339,7878	3555	298,62	41,1678
27136,907	6435	33X	514141,0702	8560012,087	340,4707	3545	297,78	42,6907
27143,225	6436	33X	514147,2199	8560010,642	340,4108	3535	296,94	43,4708
27149,401	6437	33X	514153,2427	8560009,274	340,3599	3520	295,68	44,6799
27155,492	6438	33X	514159,1932	8560007,974	340,3139	3510	294,84	45,4739
27161,605	6439	33X	514165,1759	8560006,718	341,017	3495	293,58	47,437
27167,849	6440	33X	514171,2958	8560005,482	340,9636	3485	292,74	48,2236
27174,277	6441	33X	514177,6043	8560004,251	340,8997	3470	291,48	49,4197
27180,726	6442	33X	514183,9399	8560003,051	340,8276	3460	290,64	50,1876
27186,978	6443	33X	514190,088	8560001,914	340,7515	3450	289,8	50,9515
27192,818	6444	33X	514195,8338	8560000,875	340,6754	3435	288,54	52,1354
27198,107	6445	33X	514201,0411	8559999,953	340,6023	3420	287,28	53,3223
27203,026	6446	33X	514205,8875	8559999,113	340,5301	3400	285,6	54,9301
27207,837	6447	33X	514210,6294	8559998,305	340,456	3380	283,92	56,536
27212,8	6448	33X	514215,5229	8559997,48	340,3767	3360	282,24	58,1367
27218,176	6449	33X	514220,8241	8559996,587	339,5391	3345	280,98	58,5591
27224,147	6450	33X	514226,7105	8559995,591	339,4409	3325	279,3	60,1409
27230,574	6451	33X	514233,0442	8559994,508	339,3321	3305	277,62	61,7121
27237,237	6452	33X	514239,6085	8559993,369	339,2134	3290	276,36	62,8534
27243,919	6453	33X	514246,1866	8559992,204	339,0854	3270	274,68	64,4054
27250,455	6454	33X	514252,6158	8559991,034	338,9493	3250	273	65,9493
27256,901	6455	33X	514258,9489	8559989,842	338,8073	3235	271,74	67,0673
27263,367	6456	33X	514265,2928	8559988,601	338,662	3215	270,06	68,602
27269,963	6457	33X	514271,7542	8559987,283	338,5162	3195	268,38	70,1362
27276,743	6458	33X	514278,3854	8559985,875	338,3727	3175	266,7	71,6727
27283,537	6459	33X	514285,0202	8559984,422	338,2358	3155	265,02	73,2158
27290,116	6460	33X	514291,4379	8559982,98	338,11	3135	263,34	74,77
27296,252	6461	33X	514297,4175	8559981,606	337,9998	3110	261,24	76,7598
27301,8	6462	33X	514302,8182	8559980,34	337,9077	3090	259,56	78,3477
27306,943	6463	33X	514307,8186	8559979,138	337,0778	3070	257,88	79,1978
27311,948	6464	33X	514312,6768	8559977,94	337,0023	3050	256,2	80,8023
27317,079	6465	33X	514317,6514	8559976,684	336,9231	3030	254,52	82,4031
27322,603	6466	33X	514323,0007	8559975,309	336,8324	3010	252,84	83,9924
27328,707	6467	33X	514328,9068	8559973,773	336,7246	2985	250,74	85,9846
27335,262	6468	33X	514335,2469	8559972,11	336,6038	2965	249,06	87,5438
27342,064	6469	33X	514341,8221	8559970,373	336,4762	2945	247,38	89,0962
27348,906	6470	33X	514348,4334	8559968,618	336,3483	2925	245,7	90,6483
27355,622	6471	33X	514354,9218	8559966,886	336,2242	2905	244,02	92,2042
27362,213	6472	33X	514361,2878	8559965,184	336,0992	2885	242,34	93,7592
27368,719	6473	33X	514367,5721	8559963,504	335,9666	2865	240,66	95,3066
27375,182	6474	33X	514373,8152	8559961,843	335,0696	2845	238,98	96,0896
27381,641	6475	33X	514380,0586	8559960,193	334,9027	2830	237,72	97,1827
27388,143	6476	33X	514386,3476	8559958,554	334,7171	2810	236,04	98,6771
27394,733	6477	33X	514392,7288	8559956,921	334,5151	2790	234,36	100,1551
27401,456	6478	33X	514399,2485	8559955,292	334,2992	2775	233,1	101,1992
27408,317	6479	33X	514405,9111	8559953,672	334,0726	2755	231,42	102,6526
27415,148	6480	33X	514412,5534	8559952,095	333,8413	2740	230,16	103,6813
27421,74	6481	33X	514418,97	8559950,603	333,6123	2720	228,48	105,1323
27427,883	6482	33X	514424,9558	8559949,238	333,3922	2700	226,8	106,5922
27433,448	6483	33X	514430,3837	8559948,026	333,1853	2685	225,54	107,6453
27438,625	6484	33X	514435,4396	8559946,933	332,9859	2665	223,86	109,1259
27443,682	6485	33X	514440,3875	8559945,907	332,0353	2650	222,6	109,4353
27448,889	6486	33X	514445,4914	8559944,899	331,8251	2630	220,92	110,9051
27454,515	6487	33X	514451,0156	8559943,858	331,5969	2610	219,24	112,3569
27460,746	6488	33X	514457,1427	8559942,75	331,345	2595	217,98	113,365
27467,438	6489	33X	514463,7304	8559941,606	331,0744	2575	216,3	114,7744
27474,362	6490	33X	514470,5552	8559940,472	330,7927	2555	214,62	116,1727
27481,29	6491	33X	514477,3933	8559939,397	330,5079	2535	212,94	117,5679
27488,051	6492	33X	514484,0761	8559938,414	330,2266	2515	211,26	118,9666
27494,697	6493	33X	514490,6548	8559937,514	329,9522	2500	210	119,9522
27501,336	6494	33X	514497,2355	8559936,673	329,6872	2480	208,32	121,3672
27508,077	6495	33X	514503,9243	8559935,871	329,4338	2460	206,64	122,7938
27514,974	6496	33X	514510,7718	8559935,09	329,1953	2440	204,96	124,2353
27521,853	6497	33X	514517,6071	8559934,339	328,2288	2420	203,28	124,9488
27528,49	6498	33X	514524,2037	8559933,635	328,0419	2425	203,7	124,3419
27534,657	6499	33X	514530,3352	8559932,994	327,8924	2430	204,12	123,7724
27540,21	6500	33X	514535,8575	8559932,422	327,7854	2435	204,54	123,2454
27545,335	6501	33X	514540,9557	8559931,897	327,7147	2445	205,38	122,3347
27550,303	6502	33X	514545,8973	8559931,391	328,4213	2440	204,96	123,4613
27555,382	6503	33X	514550,9498	8559930,874	327,6463	2435	204,54	123,1063
27560,841	6504	33X	514556,3806	8559930,315	328,3808	2430	204,12	124,2608
27566,868	6505	33X	514562,3755	8559929,694	328,3679	2425	203,7	124,6679
27573,321	6506	33X	514568,7933	8559929,024	327,6089	2425	203,7	123,9089
27579,975	6507	33X	514575,4109	8559928,328	326,8571	2420	203,28	123,5771
27586,607	6508	33X	514582,0053	8559927,626	326,8659	2395	201,18	125,6859
27593,048	6509	33X	514588,4099	8559926,936	326,8869	2375	199,5	127,3869
27599,359	6510	33X	514594,6831	8559926,247	326,9151	2350	197,4	129,5151
27605,655	6511	33X	514600,9398	8559925,546	326,9436	2330	195,72	131,2236
27612,052	6512	33X	514607,2948	8559924,816	326,9658	2310	194,04	132,9258
27618,61	6513	33X	514613,8079	8559924,049	326,9771	2285	191,94	135,0371
27625,168	6514	33X	514620,319	8559923,267	326,9824	2265	190,26	136,7224
27631,509	6515	33X	514626,613	8559922,496	326,9886	2245	188,58	138,4086
27637,416	6516	33X	514632,4747	8559921,767	327,0029	2230	187,32	139,6829
27642,752	6517	33X	514637,768	8559921,095	327,0305	2210	185,64	141,3905
27647,698	6518	33X	514642,6728	8559920,458	327,0685	2195	184,38	142,6885
27652,516	6519	33X	514647,4481	8559919,824	327,1125	2180	183,12	143,9925
27657,465	6520	33X	514652,353	8559919,159	327,1577	2160	181,44	145,7177
27662,809	6521	33X	514657,6462	8559918,43	327,1996	2145	180,18	147,0196
27668,727	6522	33X	514663,5078	8559917,617	327,2363	2130	178,92	148,3163
27675,081	6523	33X	514669,8013	8559916,745	327,2762	2110	177,24	150,0362
27681,652	6524	33X	514676,3114	8559915,849	328,0807	2095	175,98	152,1007
27688,223	6525	33X	514682,8227	8559914,968	328,1609	2080	174,72	153,4409
27694,629	6526	33X	514689,1726	8559914,13	327,5272	2065	173,46	154,0672
27700,921	6527	33X	514695,4107	8559913,327	327,6854	2050	172,2	155,4854
27707,202	6528	33X	514701,6393	8559912,546	327,8906	2035	170,94	156,9506
27713,576	6529	33X	514707,9608	8559911,771	328,1478	2020	169,68	158,4678
27720,094	6530	33X	514714,4257	8559910,993	328,4577	2005	168,42	160,0377
27726,6	6531	33X	514720,8765	8559910,228	328,804	1985	166,74	162,064
27732,88	6532	33X	514727,1037	8559909,495	328,416	1970	165,48	162,936
27738,725	6533	33X	514732,8979	8559908,816	328,7733	1955	164,22	164,5533
27744	6534	33X	514738,126	8559908,205	329,1093	1940	162,96	166,1493
27748,876	6535	33X	514742,9603	8559907,644	329,4236	1925	161,7	167,7236
27753,605	6536	33X	514747,6494	8559907,111	330,4698	1910	160,44	170,0298
27758,435	6537	33X	514752,4418	8559906,58	330,0016	1895	159,18	170,8216
27763,616	6538	33X	514757,5861	8559906,028	330,2727	1880	157,92	172,3527
27769,325	6539	33X	514763,2586	8559905,44	330,5366	1860	156,24	174,2966
27775,448	6540	33X	514769,3457	8559904,831	330,7977	1845	154,98	175,8177
27781,798	6541	33X	514775,6617	8559904,227	331,0601	1825	153,3	177,7601
27788,188	6542	33X	514782,0205	8559903,654	331,3283	1805	151,62	179,7083
27794,469	6543	33X	514788,2733	8559903,131	331,6029	1790	150,36	181,2429
27800,639	6544	33X	514794,4193	8559902,656	331,8709	1770	148,68	183,1909
27806,734	6545	33X	514800,4943	8559902,223	332,1154	1755	147,42	184,6954
27812,791	6546	33X	514806,5345	8559901,825	332,3198	1735	145,74	186,5798
27818,847	6547	33X	514812,5768	8559901,458	332,4732	1720	144,48	187,9932
27824,942	6548	33X	514818,6618	8559901,121	332,5874	1700	142,8	189,7874
27831,119	6549	33X	514824,8307	8559900,817	332,6801	1685	141,54	191,1401
27837,42	6550	33X	514831,125	8559900,545	332,7689	1665	139,86	192,9089
27843,846	6551	33X	514837,5465	8559900,309	332,8675	1650	138,6	194,2675
27850,243	6552	33X	514843,9386	8559900,109	332,9736	1630	136,92	196,0536
27856,412	6553	33X	514850,1051	8559899,944	333,0808	1615	135,66	197,4208
27862,159	6554	33X	514855,85	8559899,817	333,1831	1595	133,98	199,2031
27867,362	6555	33X	514861,0512	8559899,727	333,2752	1580	132,72	200,5552
27872,195	6556	33X	514865,8829	8559899,674	333,3572	1565	131,46	201,8972
27876,906	6557	33X	514870,5936	8559899,658	333,4304	1550	130,2	203,2304
27881,745	6558	33X	514875,4316	8559899,678	333,4958	1535	128,94	204,5558
27886,959	6559	33X	514880,6454	8559899,734	334,3047	1520	127,68	206,6247
27892,721	6560	33X	514886,4066	8559899,826	334,3598	1500	126	208,3598
27898,897	6561	33X	514892,5805	8559899,945	333,6698	1485	124,74	208,9298
27905,273	6562	33X	514898,9554	8559900,084	335,2445	1470	123,48	211,7645
27911,64	6563	33X	514905,3198	8559900,235	335,3442	1455	122,22	213,1242
27917,838	6564	33X	514911,5142	8559900,391	335,4772	1440	120,96	214,5172
27923,915	6565	33X	514917,5865	8559900,552	335,6442	1425	119,7	215,9442
27929,971	6566	33X	514923,6366	8559900,718	335,8445	1405	118,02	217,8245
27936,105	6567	33X	514929,7644	8559900,889	336,0773	1390	116,76	219,3173
27942,368	6568	33X	514936,0195	8559901,066	336,3396	1375	115,5	220,8396
27948,608	6569	33X	514942,2503	8559901,244	337,3714	1360	114,24	223,1314
27954,622	6570	33X	514948,2548	8559901,415	337,6606	1345	112,98	224,6806
27960,208	6571	33X	514953,8309	8559901,574	337,9449	1330	111,72	226,2249
27965,237	6572	33X	514958,8514	8559901,717	338,2164	1320	110,88	227,3364
27969,883	6573	33X	514963,4874	8559901,847	338,4826	1305	109,62	228,8626
27974,39	6574	33X	514967,9849	8559901,969	338,0051	1290	108,36	229,6451
27979,006	6575	33X	514972,5897	8559902,088	339,7955	1275	107,1	232,6955
27983,976	6576	33X	514977,5478	8559902,211	339,3655	1260	105,84	233,5255
27989,472	6577	33X	514983,0307	8559902,34	338,973	1250	105	233,973
27995,369	6578	33X	514988,913	8559902,476	340,112	1235	103,74	236,372
28001,466	6579	33X	514994,995	8559902,616	339,7726	1220	102,48	237,2926
28007,564	6580	33X	515001,0771	8559902,759	340,1952	1205	101,22	238,9752
28013,515	6581	33X	515007,0103	8559902,907	340,6232	1200	100,8	239,8232
28019,372	6582	33X	515012,8487	8559903,084	341,0622	1195	100,38	240,6822
28025,243	6583	33X	515018,6971	8559903,315	341,521	1190	99,96	241,561
28031,235	6584	33X	515024,6604	8559903,63	342,0084	1185	99,54	242,4684
28037,402	6585	33X	515030,7917	8559904,047	342,5282	1175	98,7	243,8282
28043,592	6586	33X	515036,9379	8559904,551	343,0645	1170	98,28	244,7845
28049,599	6587	33X	515042,894	8559905,12	342,8463	1160	97,44	245,4063
28055,217	6588	33X	515048,4553	8559905,731	343,3529	1150	96,6	246,7529
28060,315	6589	33X	515053,4911	8559906,375	343,8194	1140	95,76	248,0594
28065,066	6590	33X	515058,1675	8559907,092	345,0053	1130	94,92	250,0853
28069,72	6591	33X	515062,7249	8559907,935	344,6762	1120	94,08	250,5962
28074,527	6592	33X	515067,4036	8559908,957	345,0975	1110	93,24	251,8575
28079,74	6593	33X	515072,4438	8559910,212	345,5348	1100	92,4	253,1348
28085,53	6594	33X	515078,0111	8559911,736	345,9982	1100	92,4	253,5982
28091,767	6595	33X	515083,9719	8559913,508	346,4751	1095	91,98	254,4951
28098,242	6596	33X	515090,1174	8559915,49	346,9479	1095	91,98	254,9679
28104,748	6597	33X	515096,2393	8559917,645	347,3989	1090	91,56	255,8389
28111,131	6598	33X	515102,1795	8559919,945	347,8156	1085	91,14	256,6756
28117,444	6599	33X	515107,982	8559922,401	348,207	1085	91,14	257,067
28123,79	6600	33X	515113,7416	8559925,037	348,5877	1080	90,72	257,8677
28130,268	6601	33X	515119,5528	8559927,874	348,9719	1075	90,3	258,6719
28136,924	6602	33X	515125,4632	8559930,909	349,3699	1070	89,88	259,4899
28143,588	6603	33X	515131,3321	8559934,039	349,7747	1065	89,46	260,3147
28150,035	6604	33X	515136,9717	8559937,138	350,1751	1055	88,62	261,5551
28156,04	6605	33X	515142,1941	8559940,078	350,5599	1055	88,62	261,9399
28161,457	6606	33X	515146,8789	8559942,773	350,922	1050	88,2	262,722
28166,454	6607	33X	515151,1747	8559945,302	351,2704	1045	87,78	263,4904
28171,281	6608	33X	515155,2972	8559947,788	351,6184	1045	87,78	263,8384
28176,184	6609	33X	515159,4625	8559950,349	351,9792	1050	88,2	263,7792
28181,412	6610	33X	515163,8863	8559953,109	352,3663	1055	88,62	263,7463
28187,134	6611	33X	515168,7168	8559956,148	352,7878	1065	89,46	263,3278
28193,206	6612	33X	515173,8312	8559959,389	353,233	1070	89,88	263,353
28199,403	6613	33X	515179,039	8559962,717	354,4365	1070	89,88	264,5565
28205,502	6614	33X	515184,1497	8559966,015	354,8828	1070	89,88	265,0028
28211,334	6615	33X	515189,0185	8559969,198	355,3115	1075	90,3	265,0115
28216,951	6616	33X	515193,6828	8559972,299	355,7316	1075	90,3	265,4316
28222,457	6617	33X	515198,2259	8559975,381	356,1571	1075	90,3	265,8571
28227,96	6618	33X	515202,7309	8559978,509	356,602	1080	90,72	265,882
28233,518	6619	33X	515207,2448	8559981,718	357,0744	1080	90,72	266,3544
28239,011	6620	33X	515211,6703	8559984,935	357,5586	1080	90,72	266,8386
28244,27	6621	33X	515215,874	8559988,06	358,0328	1085	91,14	266,8928
28249,128	6622	33X	515219,7223	8559990,992	358,4753	1080	90,72	267,7553
28253,481	6623	33X	515223,1291	8559993,673	358,8718	1070	89,88	268,9918
28257,479	6624	33X	515226,1968	8559996,21	359,2371	1065	89,46	269,7771
28261,338	6625	33X	515229,0753	8559998,755	359,5933	1065	89,46	270,1333
28265,275	6626	33X	515231,9144	8560001,458	359,9625	1060	89,04	270,9225
28269,509	6627	33X	515234,8637	8560004,469	360,3667	1055	88,62	271,7467
28274,195	6628	33X	515238,0253	8560007,898	360,8191	1050	88,2	272,6191
28279,24	6629	33X	515241,3101	8560011,697	361,2961	1045	87,78	273,5161
28284,489	6630	33X	515244,581	8560015,775	361,7652	1045	87,78	273,9852
28289,794	6631	33X	515247,7011	8560020,045	362,1939	1040	87,36	274,8339
28295,044	6632	33X	515250,5612	8560024,432	362,5535	1040	87,36	275,1935
28300,251	6633	33X	515253,163	8560028,935	362,8307	1040	87,36	275,4707
28305,458	6634	33X	515255,5358	8560033,565	363,0161	1035	86,94	276,0761
28310,702	6635	33X	515257,7091	8560038,337	363,1002	1025	86,1	277,0002
28316,019	6636	33X	515259,7023	8560043,267	363,076	1015	85,26	277,816
28321,445	6637	33X	515261,4948	8560048,386	362,9457	1005	84,42	278,5257
28327,017	6638	33X	515263,0562	8560053,729	362,7139	990	83,16	279,5539
28332,777	6639	33X	515264,3559	8560059,332	362,3853	980	82,32	280,0653
28338,735	6640	33X	515265,3721	8560065,187	361,9702	970	81,48	280,4902
28344,737	6641	33X	515266,1179	8560071,124	361,5018	955	80,22	281,2818
28350,584	6642	33X	515266,615	8560076,931	361,0188	945	79,38	281,6388
28356,073	6643	33X	515266,8851	8560082,394	361,31	935	78,54	282,77
28361,067	6644	33X	515266,945	8560087,371	360,9064	920	77,28	283,6264
28365,708	6645	33X	515266,7913	8560091,996	360,5581	910	76,44	284,1181
28370,21	6646	33X	515266,4153	8560096,472	360,2571	900	75,6	284,6571
28374,788	6647	33X	515265,8087	8560101,002	359,9957	885	74,34	285,6557
28379,655	6648	33X	515264,9629	8560105,79	359,7662	875	73,5	286,2662
28384,95	6649	33X	515263,8786	8560110,968	359,5617	870	73,08	286,4817
28390,525	6650	33X	515262,5934	8560116,39	359,379	860	72,24	287,139
28396,164	6651	33X	515261,1541	8560121,84	359,2157	855	71,82	287,3957
28401,647	6652	33X	515259,6072	8560127,098	359,0696	850	71,4	287,6696
28406,81	6653	33X	515257,9927	8560132,001	358,9389	845	70,98	287,9589
28411,689	6654	33X	515256,3225	8560136,583	358,8235	840	70,56	288,2635
28416,367	6655	33X	515254,6016	8560140,932	358,7238	840	70,56	288,1638
28420,927	6656	33X	515252,835	8560145,135	358,6402	835	70,14	288,5002
28425,416	6657	33X	515251,0359	8560149,248	358,5743	830	69,72	288,8543
28429,76	6658	33X	515249,2501	8560153,208	358,5329	830	69,72	288,8129
28433,852	6659	33X	515247,5311	8560156,92	358,524	825	69,3	289,224
28437,583	6660	33X	515245,9329	8560160,292	358,5555	825	69,3	289,2555
28440,896	6661	33X	515244,4869	8560163,271	358,6333	825	69,3	289,3333
28443,922	6662	33X	515243,1353	8560165,977	358,7548	825	69,3	289,4548
28446,843	6663	33X	515241,7981	8560168,568	358,9156	830	69,72	289,1956
28449,837	6664	33X	515240,395	8560171,206	359,1111	830	69,72	289,3911
28453,085	6665	33X	515238,8461	8560174,052	359,3366	830	69,72	289,6166
28456,718	6666	33X	515237,0912	8560177,222	359,5859	835	70,14	289,4459
28460,679	6667	33X	515235,1501	8560180,666	359,8451	840	70,56	289,2851
28464,867	6668	33X	515233,0627	8560184,288	359,3487	845	70,98	288,3687
28469,18	6669	33X	515230,869	8560187,994	359,5813	850	71,4	288,1813
28473,536	6670	33X	515228,6006	8560191,708	360,5297	855	71,82	288,7097
28477,943	6671	33X	515226,2563	8560195,436	361,4403	860	72,24	289,2003
28482,428	6672	33X	515223,827	8560199,204	362,3118	870	73,08	289,2318
28487,017	6673	33X	515221,3033	8560203,036	362,3932	880	73,92	288,4732
								0
								0
								0
								0
								0
								0
								0
								0
								0
								0
								0
								0
								0
								0
								0
								0
								0
								0
								0
								0
								0
								0
								0
								0
								0
								0
								0
								0
								0
								0
								0
								0
								0
								0
								0
								0
								0
								0
								0
								0
								0
								0
								0
								0
								0
								0
								0
								0
								0
								0
								0
								0
								0
								0
								0
								0
								0
								0
								0
								0
								0
								0
								0
								0
								0
								0
								0
								0
								0
								0
								0
								0
								0
								0
								0
								0
								0
								0
								0
								0
								0
								0
								0
								0
								0
								0
								0
								0
								0
								0
								0
								0
								0
								0
								0
								0
								0
								0
								0
								0
								0
								0
								0
								0
								0
								0
								0
								0
								0
								0
								0
								0
								0
								0
								0
								0
								0
								0
								0
								0
								0
								0
								0
								0
								0
								0
								0
								0
								0
								0
								0
								0
								0
								0
								0
								0
								0
								0
								0
								0
								0
								0
								0
								0
								0
								0
								0
								0
								0
								0
								0
								0
								0
								0
								0
								0
								0
								0
								0
								0
								0
								0
								0
								0
								0
								0
								0
								0
								0
								0
								0
								0
								0
								0
								0
								0
								0
								0
								0
								0
								0
								0
								0
								0
								0
								0
								0
								0
								0
								0
								0
								0
								0
								0
								0
								0
								0
								0
								0
								0
								0
								0
								0
								0
								0
								0
								0
								0
								0
								0
								0
								0
								0
								0
								0
								0
								0
								0
								0
								0
								0
								0
								0
								0
								0
								0
								0
								0
								0
								0
								0
								0
								0
								0
								0
								0
								0
								0
								0
								0
								0
								0
								0
								0
								0
								0
								0
								0
								0
								0
								0
								0
								0
								0
								0
								0
								0
								0
								0
								0
								0
								0
								0
								0
								0
								0
								0
								0
								0
								0
								0
								0
								0
								0
								0
								0
								0
								0
								0
								0
								0
								0
								0
								0
								0
								0
								0
								0
								0
								0
								0
								0
								0
								0
								0
								0
								0
								0
								0
								0
								0
								0
								0
								0
								0
								0
								0
								0
								0
								0
								0
								0
								0
								0
								0
								0
								0
								0
								0
								0
								0
								0
								0
								0
								0
								0
								0
								0
								0
								0
								0
								0
								0
								0
								0
								0
								0
								0
								0
								0
								0
								0
								0
								0
								0
								0
								0
								0
								0
								0
								0
								0
								0
								0
								0
								0
								0
								0
								0
								0
								0
								0
								0
								0
								0
								0
								0
								0
								0
								0
								0
								0
								0
								0
								0
								0
								0
								0
								0
								0
								0
								0
								0
								0
								0
								0
								0
								0
								0
								0
								0
								0
								0
								0
								0
								0
								0
								0
								0
								0
								0
								0
								0
								0
								0
								0
								0
								0
								0
								0
								0
								0
								0
								0
								0
								0
								0
								0
								0
								0
								0
								0
								0
								0
								0
								0
								0
								0
								0
								0
								0
								0
								0
								0
								0
								0
								0
								0
								0
								0
								0
								0
								0
								0
								0
								0
								0
								0
								0
								0
								0
								0
								0
								0
								0
								0
								0
								0
								0
								0
								0
								0
								0
								0
								0
								0
								0
								0
								0
								0
								0
								0
								0
								0
								0
								0
								0
								0
								0
								0
								0
								0
								0
								0
								0
								0
								0
								0
								0
								0
								0
								0
								0
								0
								0
								0
								0
								0
								0
								0
								0
								0
								0
								0
								0
								0
								0
								0
								0
								0
								0
								0
								0
								0
								0
								0
								0
								0
								0
								0
								0
								0
								0
								0
								0
								0
								0
								0
								0
								0
								0
								0
								0
								0
								0
								0
								0
								0
								0
								0
								0
								0
								0
								0
								0
								0
								0
								0
								0
								0
								0
								0
								0
								0
								0
								0
								0
								0
								0
								0
								0
								0
								0
								0
								0
								0
								0
								0
								0
								0
								0
								0
								0
								0
								0
								0
								0
								0
								0
								0
								0
								0
								0
								0
								0
								0
								0
								0
								0
								0
								0
								0
								0
								0
								0
								0
								0
								0
								0
								0
								0
								0
								0
								0
								0
								0
								0
								0
								0
								0
								0
								0
								0
								0
								0
								0
								0
								0
								0
								0
								0
								0
								0
								0
								0
								0
								0
								0
								0
								0
								0
								0
								0
								0
								0
								0
								0
								0
								0
								0
								0
								0
								0
								0
								0
								0
								0
								0
								0
								0
								0
								0
								0
								0
								0
								0
								0
								0
								0
								0
								0
								0
								0
								0
								0
								0
								0
								0
								0
								0
								0
								0
								0
								0
								0
								0
								0
								0
								0
								0
								0
								0
								0
								0
								0
								0
								0
								0
								0
								0
								0
								0
								0
								0
								0
								0
								0
								0
								0
								0
								0
								0
								0
								0
								0
								0
								0
								0
								0
								0
								0
								0
								0
								0
								0
								0
								0
								0
								0
								0
								0
								0
								0
								0
								0
								0
								0
								0
								0
								0
								0
								0
								0
								0
								0
								0
								0
								0
								0
								0
								0
								0
								0
								0
								0
								0
								0
								0
								0
								0
								0
								0
								0
								0
								0
								0
								0
								0
								0
								0
								0
								0
								0
								0
								0
								0
								0
								0
								0
								0
								0
								0
								0
								0
								0
								0
								0
								0
								0
								0
								0
								0
								0
								0
								0
								0
								0
								0
								0
								0
								0
								0
								0
								0
								0
								0
								0
								0
								0
								0
								0
								0
								0
								0
								0
								0
								0
								0
								0
								0
								0
								0
								0
								0
								0
								0
								0
								0
								0
								0
								0
								0
								0
								0
								0
								0
								0
								0
								0
								0
								0
								0
								0
								0
								0
								0
								0
								0
								0
								0
								0
								0
								0
								0
								0
								0
								0
								0
								0
								0
								0
								0
								0
								0
								0
								0
								0
								0
								0
								0
								0
								0
								0
								0
								0
								0
								0
								0
								0
								0
								0
								0
								0
								0
								0
								0
								0
								0
								0
								0
								0
								0
								0
								0
								0
								0
								0
								0
								0
								0
								0
								0
								0
								0
								0
								0
								0
								0
								0
								0
								0
								0
								0
								0
								0
								0
								0
								0
								0
								0
								0
								0
								0
								0
								0
								0
								0
								0
								0
								0
								0
								0
								0
								0
								0
								0
								0
								0
								0
								0
								0
								0
								0
								0
								0
								0
								0
								0
								0
								0
								0
								0
								0
								0
								0
								0
								0
								0
								0
								0
								0
								0
								0
								0
								0
								0
								0
								0
								0
								0
								0
								0
								0
								0
								0
								0
								0
								0
								0
								0
								0
								0
								0
								0
								0
								0
								0
								0
								0
								0
								0
								0
								0
								0
								0
								0
								0
								0
								0
								0
								0
								0
								0
								0
								0
								0
								0
								0
								0
								0
								0
								0
								0
								0
								0
								0
								0
								0
								0
								0
								0
								0
								0
								0
								0
								0
								0
								0
								0
								0
								0
								0
								0
								0
								0
								0
								0
								0
								0
								0
								0
								0
								0
								0
								0
								0
								0
								0
								0
								0
								0
								0
								0
								0
								0
								0
								0
								0
								0
								0
								0
								0
								0
								0
								0
								0
								0
								0
								0
								0
								0
								0
								0
								0
								0
								0
								0
								0
								0
								0
								0
								0
								0
								0
								0
								0
								0
								0
								0
								0
								0
								0
								0
								0
								0
								0
								0
								0
								0
								0
								0
								0
								0
								0
								0
								0
								0
								0
								0
								0
								0
								0
								0
								0
								0
								0
								0
								0
								0
								0
								0
								0
								0
								0
								0
								0
								0
								0
								0
								0
								0
								0
								0
								0
								0
								0
								0
								0
								0
								0
								0
								0
								0
								0
								0
								0
								0
								0
								0
								0
								0
								0
								0
								0
								0
								0
								0
								0
								0
								0
								0
								0
								0
								0
								0
								0
								0
								0
								0
								0
								0
								0
								0
								0
								0
								0
								0
								0
								0
								0
								0
								0
								0
								0
								0
								0
								0
								0
								0
								0
								0
								0
								0
								0
								0
								0
								0
								0
								0
								0
								0
								0
								0
								0
								0
								0
								0
								0
								0
								0
								0
								0
								0
								0
								0
								0
								0
								0
								0
								0
								0
								0
								0
								0
								0
								0
								0
								0
								0
								0
								0
								0
								0
								0
								0
								0
								0
								0
								0
								0
								0
								0
								0
								0
								0
								0
								0
								0
								0
								0
								0
								0
								0
								0
								0
								0
								0
								0
								0
								0
								0
								0
								0
								0
								0
								0
								0
								0
								0
								0
								0
								0
								0
								0
								0
								0
								0
								0
								0
								0
								0
								0
								0
								0
								0
								0
								0
								0
								0
								0
								0
								0
								0
								0
								0
								0
								0
								0
								0
								0
								0
								0
								0
								0
								0
								0
								0
								0
								0
								0
								0
								0
								0
								0
								0
								0
								0
								0
								0
								0
								0
								0
								0
								0
								0
								0
								0
								0
								0
								0
								0
								0
								0
								0
								0
								0
								0
								0
								0
								0
								0
								0
								0
								0
								0
								0
								0
								0
								0
								0
								0
								0
								0
								0
								0
								0
								0
								0
								0
								0
								0
								0
								0
								0
								0
								0
								0
								0
								0
								0
								0
								0
								0
								0
								0
								0
								0
								0
								0
								0
								0
								0
								0
								0
								0
								0
								0
								0
								0
								0
								0
								0
								0
								0
								0
								0
								0
								0
								0
								0
								0
								0
								0
								0
								0
								0
								0
								0
								0
								0
								0
								0
								0
								0
								0
								0
								0
								0
								0
								0
								0
								0
								0
								0
								0
								0
								0
								0
								0
								0
								0
								0
								0
								0
								0
								0
								0
								0
								0
								0
								0
								0
								0
								0
								0
								0
								0
								0
								0
								0
								0
								0
								0
								0
								0
								0
								0
								0
								0
								0
								0
								0
								0
								0
								0
								0
								0
								0
								0
								0
								0
								0
								0
								0
								0
								0
								0
								0
								0
								0
								0
								0
								0
								0
								0
								0
								0
								0
								0
								0
								0
								0
								0
								0
								0
								0
								0
								0
								0
								0
								0
								0
								0
								0
								0
								0
								0
								0
								0
								0
								0
								0
								0
								0
								0
								0
								0
								0
								0
								0
								0
								0
								0
								0
								0
								0
								0
								0
								0
								0
								0
								0
								0
								0
								0
								0
								0
								0
								0
								0
								0
								0
								0
								0
								0
								0
								0
								0
								0
								0
								0
								0
								0
								0
								0
								0
								0
								0
								0
								0
								0
								0
								0
								0
								0
								0
								0
								0
								0
								0
								0
								0
								0
								0
								0
								0
								0
								0
								0
								0
								0
								0
								0
								0
								0
								0
								0
								0
								0
								0
								0
								0
								0
								0
								0
								0
								0
								0
								0
								0
								0
								0
								0
								0
								0
								0
								0
								0
								0
								0
								0
								0
								0
								0
								0
								0
								0
								0
								0
								0
								0
								0
								0
								0
								0
								0
								0
								0
								0
								0
								0
								0
								0
								0
								0
								0
								0
								0
								0
								0
								0
								0
								0
								0
								0
								0
								0
								0
								0
								0
								0
								0
								0
								0
								0
								0
								0
								0
								0
								0
								0
								0
								0
								0
								0
								0
								0
								0
								0
								0
								0
								0
								0
								0
								0
								0
								0
								0
								0
								0
								0
								0
								0
								0
								0
								0
								0
								0
								0
								0
								0
								0
								0
								0
								0
								0
								0
								0
								0
								0
								0
								0
								0
								0
								0
								0
								0
								0
								0
								0
								0
								0
								0
								0
								0
								0
								0
								0
								0
								0
								0
								0
								0
								0
								0
								0
								0
								0
								0
								0
								0
								0
								0
								0
								0
								0
								0
								0
								0
								0
								0
								0
								0
								0
								0
								0
								0
								0
								0
								0
								0
								0
								0
								0
								0
								0
								0
								0
								0
								0
								0
								0
								0
								0
								0
								0
								0
								0
								0
								0
								0
								0
								0
								0
								0
								0
								0
								0
								0
								0
								0
								0
								0
								0
								0
								0
								0
								0
								0
								0
								0
								0
								0
								0
								0
								0
								0
								0
								0
								0
								0
								0
								0
								0
								0
								0
								0
								0
								0
								0
								0
								0
								0
								0
								0
								0
								0
								0
								0
								0
								0
								0
								0
								0
								0
								0
								0
								0
								0
								0
								0
								0
								0
								0
								0
								0
								0
								0
								0
								0
								0
								0
								0
								0
								0
								0
								0
								0
								0
								0
								0
								0
								0
								0
								0
								0
								0
								0
								0
								0
								0
								0
								0
								0
								0
								0
								0
								0
								0
								0
								0
								0
								0
								0
								0
								0
								0
								0
								0
								0
								0
								0
								0
								0
								0
								0
								0
								0
								0
								0
								0
								0
								0
								0
								0
								0
								0
								0
								0
								0
								0
								0
								0
								0
								0
								0
								0
								0
								0
								0
								0
								0
								0
								0
								0
								0
								0
								0
								0
								0
								0
								0
								0
								0
								0
								0
								0
								0
								0
								0
								0
								0
								0
								0
								0
								0
								0
								0
								0
								0
								0
								0
								0
								0
								0
								0
								0
								0
								0
								0
								0
								0
								0
								0
								0
								0
								0
								0
								0
								0
								0
								0
								0
								0
								0
								0
								0
								0
								0
								0
								0
								0
								0
								0
								0
								0
								0
								0
								0
								0
								0
								0
								0
								0
								0
								0
								0
								0
								0
								0
								0
								0
								0
								0
								0
								0
								0
								0
								0
								0
								0
								0
								0
								0
								0
								0
								0
								0
								0
								0
								0
								0
								0
								0
								0
								0
								0
								0
								0
								0
								0
								0
								0
								0
								0
								0
								0
								0
								0
								0
								0
								0
								0
								0
								0
								0
								0
								0
								0
								0
								0
								0
								0
								0
								0
								0
								0
								0
								0
								0
								0
								0
								0
								0
								0
								0
								0
								0
								0
								0
								0
								0
								0
								0
								0
								0
								0
								0
								0
								0
								0
								0
								0
								0
								0
								0
								0
								0
								0
								0
								0
								0
								0
								0
								0
								0
								0
								0
								0
								0
								0
								0
								0
								0
								0
								0
								0
								0
								0
								0
								0
								0
								0
								0
								0
								0
								0
								0
								0
								0
								0
								0
								0
								0
								0
								0
								0
								0
								0
								0
								0
								0
								0
								0
								0
								0
								0
								0
								0
								0
								0
								0
								0
								0
								0
								0
								0
								0
								0
								0
								0
								0
								0
								0
								0
								0
								0
								0
								0
								0
								0
								0
								0
								0
								0
								0
								0
								0
								0
								0
								0
								0
								0
								0
								0
								0
								0
								0
								0
								0
								0
								0
								0
								0
								0
								0
								0
								0
								0
								0
								0
								0
								0
								0
								0
								0
								0
								0
								0
								0
								0
								0
								0
								0
								0
								0
								0
								0
								0
								0
								0
								0
								0
								0
								0
								0
								0
								0
								0
								0
								0
								0
								0
								0
								0
								0
								0
								0
								0
								0
								0
								0
								0
								0
								0
								0
								0
								0
								0
								0
								0
								0
								0
								0
								0
								0
								0
								0
								0
								0
								0
								0
								0
								0
								0
								0
								0
								0
								0
								0
								0
								0
								0
								0
								0
								0
								0
								0
								0
								0
								0
								0
								0
								0
								0
								0
								0
								0
								0
								0
								0
								0
								0
								0
								0
								0
								0
								0
								0
								0
								0
								0
								0
								0
								0
								0
								0
								0
								0
								0
								0
								0
								0
								0
								0
								0
								0
								0
								0
								0
								0
								0
								0
								0
								0
								0
								0
								0
								0
								0
								0
								0
								0
								0
								0
								0
								0
								0
								0
								0
								0
								0
								0
								0
								0
								0
								0
								0
								0
								0
								0
								0
								0
								0
								0
								0
								0
								0
								0
								0
								0
								0
								0
								0
								0
								0
								0
								0
								0
								0
								0
								0
								0
								0
								0
								0
								0
								0
								0
								0
								0
								0
								0
								0
								0
								0
								0
								0
								0
								0
								0
								0
								0
								0
								0
								0
								0
								0
								0
								0
								0
								0
								0
								0
								0
								0
								0
								0
								0
								0
								0
								0
								0
								0
								0
								0
								0
								0
								0
								0
								0
								0
								0
								0
								0
								0
								0
								0
								0
								0
								0
								0
								0
								0
								0
								0
								0
								0
								0
								0
								0
								0
								0
								0
								0
								0
								0
								0
								0
								0
								0
								0
								0
								0
								0
								0
								0
								0
								0
								0
								0
								0
								0
								0
								0
								0
								0
								0
								0
								0
								0
								0
								0
								0
								0
								0
								0
								0
								0
								0
								0
								0
								0
								0
								0
								0
								0
								0
								0
								0
								0
								0
								0
								0
								0
								0
								0
								0
								0
								0
								0
								0
								0
								0
								0
								0
								0
								0
								0
								0
								0
								0
								0
								0
								0
								0
								0
								0
								0
								0
								0
								0
								0
								0
								0
								0
								0
								0
								0
								0
								0
								0
								0
								0
								0
								0
								0
								0
								0
								0
								0
								0
								0
								0
								0
								0
								0
								0
								0
								0
								0
								0
								0
								0
								0
								0
								0
								0
								0
								0
								0
								0
								0
								0
								0
								0
								0
								0
								0
								0
								0
								0
								0
								0
								0
								0
								0
								0
								0
								0
								0
								0
								0
								0
								0
								0
								0
								0
								0
								0
								0
								0
								0
								0
								0
								0
								0
								0
								0
								0
								0
								0
								0
								0
								0
								0
								0
								0
								0
								0
								0
								0
								0
								0
								0
								0
								0
								0
								0
								0
								0
								0
								0
								0
								0
								0
								0
								0
								0
								0
								0
								0
								0
								0
								0
								0
								0
								0
								0
								0
								0
								0
								0
								0
								0
								0
								0
								0
								0
								0
								0
								0
								0
								0
								0
								0
								0
								0
								0
								0
								0
								0
								0
								0
								0
								0
								0
								0
								0
								0
								0
								0
								0
								0
								0
								0
								0
								0
								0
								0
								0
								0
								0
								0
								0
								0
								0
								0
								0
								0
								0
								0
								0
								0
								0
								0
								0
								0
								0
								0
								0
								0
								0
								0
								0
								0
								0
								0
								0
								0
								0
								0
								0
								0
								0
								0
								0
								0
								0
								0
								0
								0
								0
								0
								0
								0
								0
								0
								0
								0
								0
								0
								0
								0
								0
								0
								0
								0
								0
								0
								0
								0
								0
								0
								0
								0
								0
								0
								0
								0
								0
								0
								0
								0
								0
								0
								0
								0
								0
								0
								0
								0
								0
								0
								0
								0
								0
								0
								0
								0
								0
								0
								0
								0
								0
								0
								0
								0
								0
								0
								0
								0
								0
								0
								0
								0
								0
								0
								0
								0
								0
								0
								0
								0
								0
								0
								0
								0
								0
								0
								0
								0
								0
								0
								0
								0
								0
								0
								0
								0
								0
								0
								0
								0
								0
								0
								0
								0
								0
								0
								0
								0
								0
								0
								0
								0
								0
								0
								0
								0
								0
								0
								0
								0
								0
								0
								0
								0
								0
								0
								0
								0
								0
								0
								0
								0
								0
								0
								0
								0
								0
								0
								0
								0
								0
								0
								0
								0
								0
								0
								0
								0
								0
								0
								0
								0
								0
								0
								0
								0
								0
								0
								0
								0
								0
								0
								0
								0
								0
								0
								0
								0
								0
								0
								0
								0
								0
								0
								0
								0
								0
								0
								0
								0
								0
								0
								0
								0
								0
								0
								0
								0
								0
								0
								0
								0
								0
								0
								0
								0
								0
								0
								0
								0
								0
								0
								0
								0
								0
								0
								0
								0
								0
								0
								0
								0
								0
								0
								0
								0
								0
								0
								0
								0
								0
								0
								0
								0
								0
								0
								0
								0
								0
								0
								0
								0
								0
								0
								0
								0
								0
								0
								0
								0
								0
								0
								0
								0
								0
								0
								0
								0
								0
								0
								0
								0
								0
								0
								0
								0
								0
								0
								0
								0
								0
								0
								0
								0
								0
								0
								0
								0
								0
								0
								0
								0
								0
								0
								0
								0
								0
								0
								0
								0
								0
