Dist	TrNo	Zone	X,m	Y,m	Alt, m	TD, ns	Hice, m	Bed,m
28487,017	6673	33X	515221,3033	8560203,036	362,3932	1075	90,3	272,0932
28491,739	6674	33X	515218,6731	8560206,957	361,6826	1075	90,3	271,3826
28496,616	6675	33X	515215,9128	8560210,978	360,9256	1075	90,3	270,6256
28501,676	6676	33X	515212,9961	8560215,112	360,8673	1080	90,72	270,1473
28506,943	6677	33X	515209,8965	8560219,369	360,0026	1080	90,72	269,2826
28512,408	6678	33X	515206,6121	8560223,734	359,0812	1085	91,14	267,9412
28517,921	6679	33X	515203,239	8560228,089	358,1208	1085	91,14	266,9808
28523,295	6680	33X	515199,8977	8560232,292	357,1437	1090	91,56	265,5837
28528,343	6681	33X	515196,7087	8560236,199	356,9222	1095	91,98	264,9422
28532,942	6682	33X	515193,748	8560239,713	355,9749	1105	92,82	263,1549
28537,233	6683	33X	515190,9125	8560242,928	355,8054	1110	93,24	262,5654
28541,419	6684	33X	515188,0547	8560245,985	354,9135	1115	93,66	261,2535
28545,71	6685	33X	515185,027	8560249,023	355,5493	1120	94,08	261,4693
28550,312	6686	33X	515181,6817	8560252,182	355,4625	1130	94,92	260,5425
28555,366	6687	33X	515177,9181	8560255,555	355,4014	1135	95,34	260,0614
28560,745	6688	33X	515173,8229	8560259,041	353,857	1140	95,76	258,097
28566,253	6689	33X	515169,5299	8560262,492	354,569	1145	96,18	258,389
28571,698	6690	33X	515165,1726	8560265,758	354,5267	1155	97,02	257,5067
28576,939	6691	33X	515160,8513	8560268,723	354,47	1160	97,44	257,03
28582,024	6692	33X	515156,5327	8560271,405	353,6401	1170	98,28	255,3601
28587,044	6693	33X	515152,1498	8560273,851	353,5285	1180	99,12	254,4085
28592,095	6694	33X	515147,6359	8560276,112	353,3768	1185	99,54	253,8368
28597,226	6695	33X	515142,9623	8560278,221	352,4315	1195	100,38	252,0515
28602,325	6696	33X	515138,2534	8560280,164	352,2093	1205	101,22	250,9893
28607,232	6697	33X	515133,6716	8560281,908	351,9821	1215	102,06	249,9221
28611,789	6698	33X	515129,3796	8560283,423	351,7714	1225	102,9	248,8714
28615,892	6699	33X	515125,4823	8560284,695	350,0934	1235	103,74	246,3534
28619,681	6700	33X	515121,8544	8560285,774	350,6908	1245	104,58	246,1108
28623,351	6701	33X	515118,3132	8560286,729	350,5504	1250	105	245,5504
28627,099	6702	33X	515114,6759	8560287,624	350,4094	1250	105	245,4094
28631,122	6703	33X	515110,7597	8560288,529	348,7546	1255	105,42	243,3346
28635,554	6704	33X	515106,4371	8560289,491	349,3271	1260	105,84	243,4871
28640,3	6705	33X	515101,8016	8560290,493	349,1346	1260	105,84	243,2946
28645,208	6706	33X	515097,0022	8560291,5	348,1886	1265	106,26	241,9286
28650,124	6707	33X	515092,1877	8560292,475	348,001	1270	106,68	241,321
28654,926	6708	33X	515087,4763	8560293,391	347,8311	1275	107,1	240,7311
28659,622	6709	33X	515082,8636	8560294,256	347,6791	1275	107,1	240,5791
28664,248	6710	33X	515078,3144	8560295,085	346,7929	1280	107,52	239,2729
28668,843	6711	33X	515073,7935	8560295,897	346,6703	1285	107,94	238,7303
28673,443	6712	33X	515069,2661	8560296,701	346,5589	1285	107,94	238,6189
28678,08	6713	33X	515064,6984	8560297,493	344,9557	1290	108,36	236,5957
28682,786	6714	33X	515060,057	8560298,263	345,6076	1295	108,78	236,8276
28687,592	6715	33X	515055,3085	8560299,004	344,7615	1295	108,78	235,9815
28692,501	6716	33X	515050,4503	8560299,702	344,6652	1305	109,62	235,0452
28697,392	6717	33X	515045,6029	8560300,344	344,5696	1315	110,46	234,1096
28702,113	6718	33X	515040,9176	8560300,913	343,7266	1325	111,3	232,4266
28706,511	6719	33X	515036,5459	8560301,391	344,3883	1335	112,14	232,2483
28710,494	6720	33X	515032,582	8560301,764	343,5558	1345	112,98	230,5758
28714,194	6721	33X	515028,892	8560302,03	342,7282	1355	113,82	228,9082
28717,805	6722	33X	515025,2851	8560302,188	342,6538	1365	114,66	227,9938
28721,521	6723	33X	515021,5705	8560302,239	341,8309	1375	115,5	226,3309
28725,535	6724	33X	515017,5572	8560302,181	341,758	1380	115,92	225,838
28729,983	6725	33X	515013,1134	8560302,012	341,6821	1390	116,76	224,9221
28734,762	6726	33X	515008,3435	8560301,724	341,5962	1400	117,6	223,9962
28739,714	6727	33X	515003,4108	8560301,306	341,4915	1410	118,44	223,0515
28744,679	6728	33X	514998,4787	8560300,745	341,3598	1420	119,28	222,0798
28749,543	6729	33X	514993,6702	8560300,031	341,1924	1430	120,12	221,0724
28754,353	6730	33X	514988,9469	8560299,15	340,9795	1440	120,96	220,0195
28759,196	6731	33X	514984,2298	8560298,088	342,2111	1450	121,8	220,4111
28764,159	6732	33X	514979,4402	8560296,83	341,1274	1460	122,64	218,4874
28769,286	6733	33X	514974,539	8560295,379	340,7254	1465	123,06	217,6654
28774,448	6734	33X	514969,6464	8560293,795	340,2799	1475	123,9	216,3799
28779,469	6735	33X	514964,9226	8560292,157	339,8229	1485	124,74	215,0829
28784,172	6736	33X	514960,5275	8560290,541	340,1361	1495	125,58	214,5561
28788,443	6737	33X	514956,5626	8560289	340,494	1505	126,42	214,074
28792,425	6738	33X	514952,8949	8560287,493	340,1407	1510	126,84	213,3007
28796,319	6739	33X	514949,3326	8560285,952	340,5629	1520	127,68	212,8829
28800,332	6740	33X	514945,6842	8560284,313	340,2474	1525	128,1	212,1474
28804,665	6741	33X	514941,758	8560282,507	340,6806	1530	128,52	212,1606
28809,457	6742	33X	514937,4205	8560280,495	340,3542	1540	129,36	210,9942
28814,593	6743	33X	514932,7707	8560278,339	339,2792	1545	129,78	209,4992
28819,892	6744	33X	514927,9661	8560276,126	340,4714	1550	130,2	210,2714
28825,174	6745	33X	514923,1639	8560273,943	340,1966	1560	131,04	209,1566
28830,306	6746	33X	514918,4787	8560271,861	339,9652	1565	131,46	208,5052
28835,34	6747	33X	514913,8548	8560269,881	340,5157	1575	132,3	208,2157
28840,374	6748	33X	514909,1934	8560267,988	340,3312	1580	132,72	207,6112
28845,51	6749	33X	514904,3962	8560266,166	340,1447	1585	133,14	207,0047
28850,8	6750	33X	514899,4105	8560264,407	339,9429	1595	133,98	205,9629
28856,115	6751	33X	514894,3678	8560262,741	340,4767	1600	134,4	206,0767
28861,276	6752	33X	514889,4455	8560261,206	341,0004	1605	134,82	206,1804
28866,105	6753	33X	514884,8208	8560259,839	340,0188	1615	135,66	204,3588
28870,485	6754	33X	514880,608	8560258,66	341,2829	1625	136,5	204,7829
28874,568	6755	33X	514876,668	8560257,619	341,0312	1640	137,76	203,2712
28878,568	6756	33X	514872,7987	8560256,648	340,7489	1650	138,6	202,1489
28882,698	6757	33X	514868,7978	8560255,677	340,4211	1660	139,44	200,9811
28887,172	6758	33X	514864,4631	8560254,639	340,7831	1670	140,28	200,5031
28892,138	6759	33X	514859,6555	8560253,481	340,3276	1680	141,12	199,2076
28897,481	6760	33X	514854,4883	8560252,215	340,5774	1690	141,96	198,6174
28903,022	6761	33X	514849,1379	8560250,87	340,0629	1700	142,8	197,2629
28908,581	6762	33X	514843,7805	8560249,474	340,3145	1710	143,64	196,6745
28914,023	6763	33X	514838,5501	8560248,041	339,8552	1720	144,48	195,3752
28919,396	6764	33X	514833,4105	8560246,535	340,1782	1730	145,32	194,8582
28924,792	6765	33X	514828,2828	8560244,906	339,7694	1740	146,16	193,6094
28930,305	6766	33X	514823,0883	8560243,104	340,1146	1760	147,84	192,2746
28935,984	6767	33X	514817,7898	8560241,102	339,7042	1775	149,1	190,6042
28941,688	6768	33X	514812,5158	8560238,968	339,2963	1795	150,78	188,5163
28947,227	6769	33X	514807,4366	8560236,792	338,9034	1815	152,46	186,4434
28952,411	6770	33X	514802,7223	8560234,667	338,5382	1830	153,72	184,8182
28957,119	6771	33X	514798,4809	8560232,651	338,2078	1850	155,4	182,8078
28961,509	6772	33X	514794,5718	8560230,677	337,8976	1865	156,66	181,2376
28965,81	6773	33X	514790,7926	8560228,647	337,5877	1885	158,34	179,2477
28970,251	6774	33X	514786,9404	8560226,463	337,2579	1900	159,6	177,6579
28975,059	6775	33X	514782,8127	8560224,025	337,6383	1920	161,28	176,3583
28980,393	6776	33X	514778,2659	8560221,269	337,2176	1940	162,96	174,2576
28986,138	6777	33X	514773,393	8560218,258	336,7699	1960	164,64	172,1299
28992,112	6778	33X	514768,3457	8560215,093	336,3281	1980	166,32	170,0081
28998,132	6779	33X	514763,2761	8560211,871	335,925	1995	167,58	168,345
29004,052	6780	33X	514758,3053	8560208,674	335,5868	2015	169,26	166,3268
29009,864	6781	33X	514753,4316	8560205,52	335,3132	2035	170,94	164,3732
29015,595	6782	33X	514748,6223	8560202,411	335,0971	2055	172,62	162,4771
29021,272	6783	33X	514743,8449	8560199,348	334,9313	2075	174,3	160,6313
29026,925	6784	33X	514739,0647	8560196,333	334,8097	2090	175,56	159,2497
29032,59	6785	33X	514734,2387	8560193,367	335,4797	2110	177,24	158,2397
29038,306	6786	33X	514729,3214	8560190,454	335,4395	2130	178,92	156,5195
29044,113	6787	33X	514724,2678	8560187,593	335,4374	2150	180,6	154,8374
29050,016	6788	33X	514719,0679	8560184,799	335,4692	2165	181,86	153,6092
29055,878	6789	33X	514713,8532	8560182,121	335,5214	2185	183,54	151,9814
29061,523	6790	33X	514708,7907	8560179,624	335,578	2205	185,22	150,358
29066,776	6791	33X	514704,0472	8560177,368	335,6232	2225	186,9	148,7232
29071,528	6792	33X	514699,727	8560175,39	335,6442	2240	188,16	147,4842
29075,941	6793	33X	514695,684	8560173,62	335,6408	2260	189,84	145,8008
29080,246	6794	33X	514691,7092	8560171,966	335,616	2280	191,52	144,096
29084,675	6795	33X	514687,594	8560170,331	335,5727	2300	193,2	142,3727
29089,456	6796	33X	514683,1294	8560168,622	335,5139	2315	194,46	141,0539
29094,748	6797	33X	514678,1718	8560166,769	335,4435	2335	196,14	139,3035
29100,432	6798	33X	514672,8377	8560164,809	335,3681	2355	197,82	137,5481
29106,315	6799	33X	514667,3089	8560162,8	335,2955	2375	199,5	135,7955
29112,205	6800	33X	514661,767	8560160,805	335,2333	2390	200,76	134,4733
29117,96	6801	33X	514656,3497	8560158,865	335,1872	2410	202,44	132,7472
29123,627	6802	33X	514651,0183	8560156,942	335,1553	2430	204,12	131,0353
29129,306	6803	33X	514645,6899	8560154,979	335,1339	2450	205,8	129,3339
29135,092	6804	33X	514640,2819	8560152,92	334,3692	2465	207,06	127,3092
29141,036	6805	33X	514634,7556	8560150,731	334,3568	2490	209,16	125,1968
29146,988	6806	33X	514629,2493	8560148,472	334,3392	2510	210,84	123,4992
29152,749	6807	33X	514623,9452	8560146,224	334,3081	2530	212,52	121,7881
29158,119	6808	33X	514619,0258	8560144,071	334,2552	2555	214,62	119,6352
29162,973	6809	33X	514614,6074	8560142,065	334,1743	2575	216,3	117,8743
29167,474	6810	33X	514610,5421	8560140,134	334,0661	2600	218,4	115,6661
29171,862	6811	33X	514606,6161	8560138,179	333,9333	2620	220,08	113,8533
29176,375	6812	33X	514602,6156	8560136,097	333,7788	2640	221,76	112,0188
29181,249	6813	33X	514598,3267	8560133,788	332,8551	2665	223,86	108,9951
29186,649	6814	33X	514593,6	8560131,184	332,666	2685	225,54	107,126
29192,45	6815	33X	514588,5438	8560128,347	332,4691	2710	227,64	104,8291
29198,453	6816	33X	514583,3307	8560125,376	332,273	2730	229,32	102,953
29204,461	6817	33X	514578,1336	8560122,367	332,0862	2750	231	101,0862
29210,326	6818	33X	514573,0793	8560119,397	331,9192	2775	233,1	98,8192
29216,095	6819	33X	514568,1115	8560116,467	331,7893	2795	234,78	97,0093
29221,867	6820	33X	514563,1281	8560113,556	331,7158	2820	236,88	94,8358
29227,739	6821	33X	514558,027	8560110,646	331,7177	2840	238,56	93,1577
29233,763	6822	33X	514552,7535	8560107,736	331,0558	2860	240,24	90,8158
29239,788	6823	33X	514547,4423	8560104,895	331,2071	2885	242,34	88,8671
29245,613	6824	33X	514542,2753	8560102,214	331,3902	2905	244,02	87,3702
29251,034	6825	33X	514537,4346	8560099,78	331,5735	2930	246,12	85,4535
29255,923	6826	33X	514533,0354	8560097,653	331,7323	2950	247,8	83,9323
29260,442	6827	33X	514528,926	8560095,779	331,8685	2960	248,64	83,2285
29264,828	6828	33X	514524,8878	8560094,071	331,9905	2970	249,48	82,5105
29269,32	6829	33X	514520,7022	8560092,445	332,1069	2980	250,32	81,7869
29274,155	6830	33X	514516,1507	8560090,816	332,226	2990	251,16	81,066
29279,502	6831	33X	514511,0793	8560089,127	332,3548	3000	252	80,3548
29285,247	6832	33X	514505,5924	8560087,43	331,7432	3010	252,84	78,9032
29291,209	6833	33X	514499,8586	8560085,802	331,8894	3010	252,84	79,0494
29297,208	6834	33X	514494,0469	8560084,324	332,0419	3005	252,42	79,6219
29303,101	6835	33X	514488,2944	8560083,056	332,1985	3000	252	80,1985
29308,885	6836	33X	514482,612	8560081,987	332,3553	3000	252	80,3553
29314,591	6837	33X	514476,9786	8560081,088	332,5084	2995	251,58	80,9284
29320,249	6838	33X	514471,3735	8560080,331	332,6534	3000	252	80,6534
29325,886	6839	33X	514465,7754	8560079,692	332,7875	3005	252,42	80,3675
29331,525	6840	33X	514460,1615	8560079,175	332,9126	3010	252,84	80,0726
29337,192	6841	33X	514454,5087	8560078,79	333,0319	3015	253,26	79,7719
29342,913	6842	33X	514448,7938	8560078,547	333,1487	3020	253,68	79,4687
29348,683	6843	33X	514443,0254	8560078,451	333,2654	3025	254,1	79,1654
29354,371	6844	33X	514437,3392	8560078,481	333,3811	3035	254,94	78,4411
29359,81	6845	33X	514431,9024	8560078,614	333,4944	3040	255,36	78,1344
29364,836	6846	33X	514426,8825	8560078,825	333,6037	3045	255,78	77,8237
29369,344	6847	33X	514422,3839	8560079,097	333,7072	3050	256,2	77,5072
29373,485	6848	33X	514418,2593	8560079,449	333,8019	3065	257,46	76,3419
29377,472	6849	33X	514414,2987	8560079,907	333,8846	3080	258,72	75,1646
29381,523	6850	33X	514410,292	8560080,497	333,952	3095	259,98	73,972
29385,852	6851	33X	514406,0289	8560081,246	334,0008	3110	261,24	72,7608
29390,608	6852	33X	514401,3638	8560082,173	334,0277	3130	262,92	71,1077
29395,683	6853	33X	514396,4084	8560083,267	334,0286	3145	264,18	69,8486
29400,902	6854	33X	514391,3388	8560084,509	333,999	3160	265,44	68,559
29406,095	6855	33X	514386,3313	8560085,881	334,6847	3175	266,7	67,9847
29411,135	6856	33X	514381,5182	8560087,372	334,5835	3190	267,96	66,6235
29416,077	6857	33X	514376,8567	8560089,01	334,4523	3205	269,22	65,2323
29421,023	6858	33X	514372,2602	8560090,83	334,3002	3225	270,9	63,4002
29426,073	6859	33X	514367,6422	8560092,867	333,3863	3230	271,32	62,0663
29431,283	6860	33X	514362,9546	8560095,134	333,2184	3235	271,74	61,4784
29436,526	6861	33X	514358,3038	8560097,549	333,0497	3240	272,16	60,8897
29441,63	6862	33X	514353,8343	8560100,007	332,8824	3245	272,58	60,3024
29446,419	6863	33X	514349,6911	8560102,403	332,7186	3255	273,42	59,2986
29450,782	6864	33X	514345,9656	8560104,669	332,5583	3260	273,84	58,7183
29454,867	6865	33X	514342,5359	8560106,883	332,3935	3265	274,26	58,1335
29458,889	6866	33X	514339,2269	8560109,162	332,2145	3270	274,68	57,5345
29463,061	6867	33X	514335,8635	8560111,621	332,0113	3280	275,52	56,4913
29467,595	6868	33X	514332,2704	8560114,377	331,7739	3290	276,36	55,4139
29472,64	6869	33X	514328,3257	8560117,509	331,4967	3305	277,62	53,8767
29478,083	6870	33X	514324,1198	8560120,95	331,1905	3315	278,46	52,7305
29483,75	6871	33X	514319,7963	8560124,6	330,1205	3325	279,3	50,8205
29489,465	6872	33X	514315,4987	8560128,354	330,5518	3335	280,14	50,4118
29495,088	6873	33X	514311,3425	8560132,129	330,247	3345	280,98	49,267
29500,608	6874	33X	514307,3302	8560135,908	329,9583	3360	282,24	47,7183
29506,045	6875	33X	514303,4361	8560139,693	329,6853	3370	283,08	46,6053
29511,421	6876	33X	514299,6347	8560143,486	329,4279	3380	283,92	45,5079
29516,757	6877	33X	514295,9	8560147,289	329,1858	3390	284,76	44,4258
29522,08	6878	33X	514292,2054	8560151,115	328,9594	3405	286,02	42,9394
29527,419	6879	33X	514288,524	8560154,975	328,7493	3415	286,86	41,8893
29532,8	6880	33X	514284,8288	8560158,882	328,5559	3425	287,7	40,8559
29538,222	6881	33X	514281,1141	8560162,828	328,3801	3435	288,54	39,8401
29543,563	6882	33X	514277,4586	8560166,72	327,4748	3440	288,96	38,5148
29548,673	6883	33X	514273,9618	8560170,443	328,0929	3450	289,8	38,2929
29553,399	6884	33X	514270,7236	8560173,884	327,9877	3455	290,22	37,7677
29557,651	6885	33X	514267,8023	8560176,973	327,1612	3465	291,06	36,1012
29561,582	6886	33X	514265,0907	8560179,819	327,1117	3470	291,48	35,6317
29565,406	6887	33X	514262,4406	8560182,574	327,8362	3480	292,32	35,5162
29569,335	6888	33X	514259,7035	8560185,393	327,8318	3485	292,74	35,0918
29573,583	6889	33X	514256,731	8560188,429	327,0957	3495	293,58	33,5157
29578,301	6890	33X	514253,4192	8560191,789	327,8745	3500	294	33,8745
29583,385	6891	33X	514249,8427	8560195,402	327,9123	3510	294,84	33,0723
29588,67	6892	33X	514246,1202	8560199,152	327,953	3515	295,26	32,693
29593,988	6893	33X	514242,3709	8560202,923	327,9901	3520	295,68	32,3101
29599,216	6894	33X	514238,6842	8560206,631	327,2685	3520	295,68	31,5885
29604,405	6895	33X	514235,0316	8560210,317	327,2873	3525	296,1	31,1873
29609,648	6896	33X	514231,355	8560214,054	327,2967	3530	296,52	30,7767
29615,038	6897	33X	514227,5964	8560217,918	327,297	3530	296,52	30,777
29620,621	6898	33X	514223,7292	8560221,944	327,2889	3535	296,94	30,3489
29626,25	6899	33X	514219,8527	8560226,026	327,2744	3535	296,94	30,3344
29631,731	6900	33X	514216,0973	8560230,017	327,2561	3540	297,36	29,8961
29636,867	6901	33X	514212,5939	8560233,774	327,2365	3540	297,36	29,8765
29641,536	6902	33X	514209,4262	8560237,204	326,468	3545	297,78	28,688
29645,893	6903	33X	514206,4908	8560240,424	326,4523	3550	298,2	28,2523
29650,164	6904	33X	514203,6377	8560243,602	326,4411	3550	298,2	28,2411
29654,576	6905	33X	514200,7166	8560246,908	326,4359	3555	298,62	27,8159
29659,354	6906	33X	514197,5774	8560250,51	326,4384	3555	298,62	27,8184
29664,655	6907	33X	514194,1173	8560254,526	326,4493	3560	299,04	27,4093
29670,351	6908	33X	514190,4229	8560258,861	327,2155	3560	299,04	28,1755
29676,245	6909	33X	514186,628	8560263,371	327,2332	3565	299,46	27,7732
29682,14	6910	33X	514182,8665	8560267,91	327,2482	3565	299,46	27,7882
29687,886	6911	33X	514179,2435	8560272,369	327,2597	3570	299,88	27,3797
29693,521	6912	33X	514175,7487	8560276,79	327,2785	3570	299,88	27,3985
29699,132	6913	33X	514172,3431	8560281,249	326,5682	3575	300,3	26,2682
29704,805	6914	33X	514168,9876	8560285,823	326,6428	3575	300,3	26,3428
29710,584	6915	33X	514165,6653	8560290,55	326,7615	3580	300,72	26,0415
29716,331	6916	33X	514162,4479	8560295,31	326,9155	3580	300,72	26,1955
29721,862	6917	33X	514159,4292	8560299,941	327,0917	3585	301,14	25,9517
29726,992	6918	33X	514156,7029	8560304,283	327,2768	3585	301,14	26,1368
29731,604	6919	33X	514154,3318	8560308,234	327,4599	3590	301,56	25,8999
29735,848	6920	33X	514152,2543	8560311,93	327,6391	3590	301,56	26,0791
29739,94	6921	33X	514150,3776	8560315,563	327,8146	3595	301,98	25,8346
29744,102	6922	33X	514148,609	8560319,326	327,9869	3595	301,98	26,0069
29748,554	6923	33X	514146,8558	8560323,415	327,4062	3600	302,4	25,0062
29753,449	6924	33X	514145,0564	8560327,964	327,5716	3600	302,4	25,1716
29758,683	6925	33X	514143,2737	8560332,882	327,7271	3600	302,4	25,3271
29764,089	6926	33X	514141,6014	8560338,022	327,8653	3600	302,4	25,4653
29769,506	6927	33X	514140,1337	8560343,234	327,229	3605	302,82	24,409
29774,807	6928	33X	514138,9442	8560348,4	327,3112	3605	302,82	24,4912
29780,005	6929	33X	514138,026	8560353,516	327,3564	3605	302,82	24,5364
29785,141	6930	33X	514137,352	8560358,608	327,3593	3605	302,82	24,5393
29790,255	6931	33X	514136,895	8560363,701	327,3146	3605	302,82	24,4946
29795,382	6932	33X	514136,6348	8560368,821	327,9681	3610	303,24	24,7281
29800,559	6933	33X	514136,5782	8560373,995	327,8189	3610	303,24	24,5789
29805,82	6934	33X	514136,7389	8560379,249	327,617	3610	303,24	24,377
29811,203	6935	33X	514137,1306	8560384,612	327,3624	3610	303,24	24,1224
29816,712	6936	33X	514137,754	8560390,077	327,0587	3605	302,82	24,2387
29822,212	6937	33X	514138,558	8560395,508	327,4744	3605	302,82	24,6544
29827,531	6938	33X	514139,4789	8560400,736	327,1316	3605	302,82	24,3116
29832,495	6939	33X	514140,4528	8560405,592	326,8024	3605	302,82	23,9824
29836,99	6940	33X	514141,4337	8560409,968	327,2547	3605	302,82	24,4347
29841,158	6941	33X	514142,4477	8560414,002	326,9906	3605	302,82	24,1706
29845,204	6942	33X	514143,5388	8560417,892	326,7578	3600	302,4	24,3578
29849,335	6943	33X	514144,7511	8560421,836	325,8042	3600	302,4	23,4042
29853,755	6944	33X	514146,1287	8560426,032	326,3777	3600	302,4	23,9777
29858,604	6945	33X	514147,6971	8560430,617	326,2273	3600	302,4	23,8273
29863,763	6946	33X	514149,4082	8560435,483	326,1069	3600	302,4	23,7069
29869,049	6947	33X	514151,1956	8560440,457	326,0217	3600	302,4	23,6217
29874,281	6948	33X	514152,9925	8560445,37	326,7268	3595	301,98	24,7468
29879,323	6949	33X	514154,7461	8560450,098	326,725	3595	301,98	24,745
29884,232	6950	33X	514156,458	8560454,699	326,7595	3595	301,98	24,7795
29889,113	6951	33X	514158,1432	8560459,279	326,8214	3595	301,98	24,8414
29894,071	6952	33X	514159,8169	8560463,945	326,9015	3595	301,98	24,9215
29899,165	6953	33X	514161,4844	8560468,757	326,992	3595	301,98	25,012
29904,278	6954	33X	514163,1119	8560473,604	327,0899	3595	301,98	25,1099
29909,248	6955	33X	514164,6556	8560478,327	327,1934	3595	301,98	25,2134
29913,911	6956	33X	514166,0717	8560482,769	328,0507	3595	301,98	26,0707
29918,168	6957	33X	514167,3355	8560486,831	327,409	3600	302,4	25,009
29922,167	6958	33X	514168,4975	8560490,657	328,26	3600	302,4	25,86
29926,12	6959	33X	514169,6274	8560494,444	327,5946	3600	302,4	25,1946
29930,241	6960	33X	514170,7947	8560498,396	327,6534	3600	302,4	25,2534
29934,74	6961	33X	514172,0689	8560502,711	327,6773	3600	302,4	25,2773
29939,769	6962	33X	514173,5021	8560507,531	327,6589	3605	302,82	24,8389
29945,23	6963	33X	514175,0766	8560512,759	327,5996	3605	302,82	24,7796
29950,963	6964	33X	514176,757	8560518,24	327,5027	3605	302,82	24,6827
29956,81	6965	33X	514178,5081	8560523,817	327,3715	3605	302,82	24,5515
29962,641	6966	33X	514180,3024	8560529,363	327,9587	3610	303,24	24,7187
29968,453	6967	33X	514182,1439	8560534,871	327,7644	3610	303,24	24,5244
29974,27	6968	33X	514184,0443	8560540,365	327,5383	3610	303,24	24,2983
29980,12	6969	33X	514186,0154	8560545,866	327,2798	3610	303,24	24,0398
29986,029	6970	33X	514188,071	8560551,399	326,9892	3610	303,24	23,7492
29992,032	6971	33X	514190,2336	8560556,99	326,6691	3605	302,82	23,8491
29998,165	6972	33X	514192,5276	8560562,667	326,3228	3605	302,82	23,5028
30004,463	6973	33X	514194,9775	8560568,457	325,9535	3605	302,82	23,1335
30010,923	6974	33X	514197,5867	8560574,354	325,5659	3605	302,82	22,7459
30017,38	6975	33X	514200,2744	8560580,212	325,9192	3605	302,82	23,0992
30023,628	6976	33X	514202,9386	8560585,85	325,5243	3605	302,82	22,7043
30029,461	6977	33X	514205,4772	8560591,087	325,1416	3605	302,82	22,3216
30034,747	6978	33X	514207,8229	8560595,811	324,7799	3605	302,82	21,9599
30039,658	6979	33X	514210,0463	8560600,175	325,1895	3595	301,98	23,2095
30044,438	6980	33X	514212,2526	8560604,404	324,869	3590	301,56	23,309
30049,335	6981	33X	514214,5469	8560608,72	324,5666	3580	300,72	23,8466
30054,595	6982	33X	514217,0346	8560613,345	324,281	3575	300,3	23,981
30060,385	6983	33X	514219,7846	8560618,433	324,0118	3565	299,46	24,5518
30066,564	6984	33X	514222,7211	8560623,864	323,7652	3555	298,62	25,1452
30072,912	6985	33X	514225,7323	8560629,448	323,5484	3550	298,2	25,3484
30079,209	6986	33X	514228,7063	8560634,996	323,3689	3540	297,36	26,0089
30085,292	6987	33X	514231,5555	8560640,368	323,2294	3535	296,94	26,2894
30091,215	6988	33X	514234,2894	8560645,622	323,1143	3525	296,1	27,0143
30097,091	6989	33X	514236,942	8560650,864	323,0031	3520	295,68	27,3231
30103,032	6990	33X	514239,5471	8560656,201	322,8754	3510	294,84	28,0354
30109,099	6991	33X	514242,1216	8560661,693	322,7162	3505	294,42	28,2962
30115,153	6992	33X	514244,6146	8560667,207	322,5312	3495	293,58	28,9512
30121,002	6993	33X	514246,9581	8560672,562	322,3314	3490	293,16	29,1714
30126,454	6994	33X	514249,0841	8560677,579	322,1276	3480	292,32	29,8076
30131,389	6995	33X	514250,9521	8560682,142	321,9276	3475	291,9	30,0276
30135,979	6996	33X	514252,6313	8560686,409	320,9758	3470	291,48	29,4958
30140,466	6997	33X	514254,2181	8560690,6	320,7635	3460	290,64	30,1235
30145,093	6998	33X	514255,8092	8560694,939	320,5319	3455	290,22	30,3119
30150,104	6999	33X	514257,5011	8560699,649	320,2722	3445	289,38	30,8922
30155,669	7000	33X	514259,3654	8560704,884	319,9778	3440	288,96	31,0178
30161,673	7001	33X	514261,374	8560710,532	319,6505	3435	288,54	31,1105
30167,929	7002	33X	514263,4736	8560716,414	319,2945	3425	287,7	31,5945
30174,25	7003	33X	514265,6111	8560722,351	318,9139	3420	287,28	31,6339
30180,487	7004	33X	514267,7457	8560728,198	318,513	3415	286,86	31,653
30186,637	7005	33X	514269,8861	8560733,949	318,0978	3410	286,44	31,6578
30192,735	7006	33X	514272,053	8560739,633	317,6749	3400	285,6	32,0749
30198,816	7007	33X	514274,2674	8560745,28	317,2505	3395	285,18	32,0705
30204,913	7008	33X	514276,5514	8560750,917	317,5782	3390	284,76	32,8182
30211,063	7009	33X	514278,9321	8560756,571	317,1494	3385	284,34	32,8094
30217,301	7010	33X	514281,4374	8560762,267	316,7027	3380	283,92	32,7827
30223,666	7011	33X	514284,0955	8560768,03	316,2268	3370	283,08	33,1468
30230,154	7012	33X	514286,9122	8560773,853	315,7148	3365	282,66	33,0548
30236,608	7013	33X	514289,8039	8560779,598	315,1781	3360	282,24	32,9381
30242,83	7014	33X	514292,6643	8560785,096	315,3827	3355	281,82	33,5627
30248,62	7015	33X	514295,3874	8560790,177	314,0944	3350	281,4	32,6944
30253,854	7016	33X	514297,9041	8560794,737	314,3263	3345	280,98	33,3463
30258,71	7017	33X	514300,2935	8560798,935	313,0787	3340	280,56	32,5187
30263,439	7018	33X	514302,6714	8560802,994	312,5993	3340	280,56	32,0393
30268,293	7019	33X	514305,1539	8560807,139	312,8854	3335	280,14	32,7454
30273,523	7020	33X	514307,857	8560811,594	312,4346	3330	279,72	32,7146
30279,304	7021	33X	514310,8575	8560816,516	311,9962	3325	279,3	32,6962
30285,497	7022	33X	514314,0751	8560821,79	311,5775	3325	279,3	32,2775
30291,885	7023	33X	514317,3907	8560827,237	311,1876	3320	278,88	32,3076
30298,253	7024	33X	514320,6847	8560832,676	310,8356	3315	278,46	32,3756
30304,439	7025	33X	514323,8634	8560837,974	310,528	3310	278,04	32,488
30310,501	7026	33X	514326,9348	8560843,193	310,26	3310	278,04	32,22
30316,554	7027	33X	514329,9325	8560848,447	309,2741	3305	277,62	31,6541
30322,713	7028	33X	514332,8901	8560853,844	309,8126	3300	277,2	32,6126
30329,039	7029	33X	514335,8223	8560859,447	309,6192	3295	276,78	32,8392
30335,381	7030	33X	514338,6677	8560865,111	309,4418	3295	276,78	32,6618
30341,528	7031	33X	514341,3462	8560870,642	308,5294	3290	276,36	32,1694
30347,273	7032	33X	514343,7775	8560875,845	308,381	3285	275,94	32,441
30352,485	7033	33X	514345,9132	8560880,597	308,2452	3285	275,94	32,3052
30357,347	7034	33X	514347,8321	8560885,063	308,1186	3280	275,52	32,5986
30362,123	7035	33X	514349,6448	8560889,48	307,9975	3275	275,1	32,8975
30367,074	7036	33X	514351,4618	8560894,083	307,8781	3275	275,1	32,7781
30372,46	7037	33X	514353,3938	8560899,11	307,7566	3270	274,68	33,0766
30378,464	7038	33X	514355,5215	8560904,722	307,632	3265	274,26	33,372
30384,944	7039	33X	514357,8065	8560910,785	307,5141	3265	274,26	33,2541
30391,681	7040	33X	514360,1804	8560917,09	307,4156	3260	273,84	33,5756
30398,456	7041	33X	514362,5749	8560923,427	307,3489	3255	273,42	33,9289
30405,1	7042	33X	514364,9418	8560929,635	307,3231	3255	273,42	33,9031
30411,659	7043	33X	514367,3138	8560935,75	307,3321	3250	273	34,3321
30418,228	7044	33X	514369,7436	8560941,853	307,3663	3245	272,58	34,7863
30424,905	7045	33X	514372,2841	8560948,027	307,4158	3245	272,58	34,8358
30431,733	7046	33X	514374,9624	8560954,309	307,4722	3240	272,16	35,3122
30438,545	7047	33X	514377,7029	8560960,545	307,5311	3235	271,74	35,7911
30445,119	7048	33X	514380,4044	8560966,537	307,5892	3235	271,74	35,8492
30451,231	7049	33X	514382,9659	8560972,087	307,6433	3230	271,32	36,3233
30456,742	7050	33X	514385,3228	8560977,067	308,4418	3225	270,9	37,5418
30461,832	7051	33X	514387,5576	8560981,64	307,74	3225	270,9	36,84
30466,765	7052	33X	514389,7896	8560986,04	307,7948	3225	270,9	36,8948
30471,805	7053	33X	514392,1381	8560990,498	308,6131	3225	270,9	37,7131
30477,215	7054	33X	514394,7223	8560995,251	308,7019	3225	270,9	37,8019
30483,181	7055	33X	514397,6243	8561000,461	308,8157	3220	270,48	38,3357
30489,571	7056	33X	514400,7775	8561006,018	308,9501	3220	270,48	38,4701
30496,177	7057	33X	514404,0781	8561011,738	309,0987	3220	270,48	38,6187
30502,789	7058	33X	514407,4222	8561017,441	309,2546	3220	270,48	38,7746
30509,242	7059	33X	514410,7238	8561022,983	309,4119	3220	270,48	38,9319
30515,532	7060	33X	514413,9679	8561028,37	309,5668	3220	270,48	39,0868
30521,7	7061	33X	514417,157	8561033,646	309,7163	3220	270,48	39,2363
30527,783	7062	33X	514420,2938	8561038,857	309,8573	3215	270,06	39,7973
30533,824	7063	33X	514423,3855	8561044,045	309,9867	3215	270,06	39,9267
30539,865	7064	33X	514426,4569	8561049,245	310,101	3215	270,06	40,041
30545,952	7065	33X	514429,5375	8561054,495	310,1966	3215	270,06	40,1366
30552,131	7066	33X	514432,6567	8561059,829	310,27	3215	270,06	40,21
30558,41	7067	33X	514435,8224	8561065,25	310,318	3215	270,06	40,258
30564,642	7068	33X	514438,9574	8561070,636	310,3394	3215	270,06	40,2794
30570,646	7069	33X	514441,963	8561075,834	310,3332	3215	270,06	40,2732
30576,24	7070	33X	514444,7405	8561080,69	309,5487	3215	270,06	39,4887
30581,312	7071	33X	514447,231	8561085,108	309,4851	3215	270,06	39,4251
30586,036	7072	33X	514449,5347	8561089,231	309,3928	3220	270,48	38,9128
30590,656	7073	33X	514451,7917	8561093,26	309,2724	3220	270,48	38,7924
30595,417	7074	33X	514454,1421	8561097,398	309,1246	3220	270,48	38,6446
30600,563	7075	33X	514456,7257	8561101,844	308,9498	3225	270,9	38,0498
30606,263	7076	33X	514459,6438	8561106,737	308,751	3225	270,9	37,851
30612,383	7077	33X	514462,8422	8561111,951	308,5396	3225	270,9	37,6396
30618,715	7078	33X	514466,2277	8561117,298	308,3295	3225	270,9	37,4295
30625,051	7079	33X	514469,7071	8561122,589	308,1344	3230	271,32	36,8144
30631,232	7080	33X	514473,2161	8561127,675	307,9641	3225	270,9	37,0641
30637,305	7081	33X	514476,8052	8561132,571	307,8126	3225	270,9	36,9126
30643,368	7082	33X	514480,5536	8561137,334	307,6698	3220	270,48	37,1898
30649,52	7083	33X	514484,5407	8561142,018	307,5258	3220	270,48	37,0458
30655,817	7084	33X	514488,8039	8561146,649	307,3712	3220	270,48	36,8912
30662,107	7085	33X	514493,2135	8561151,132	307,2	3215	270,06	37,14
30668,19	7086	33X	514497,5981	8561155,343	306,2567	3215	270,06	36,1967
30673,859	7087	33X	514501,7864	8561159,157	306,0361	3210	269,64	36,3961
30678,983	7088	33X	514505,6668	8561162,495	305,7831	3210	269,64	36,1431
30683,734	7089	33X	514509,3676	8561165,459	305,4944	3210	269,64	35,8544
30688,358	7090	33X	514513,0771	8561168,199	305,167	3205	269,22	35,947
30693,1	7091	33X	514516,9836	8561170,863	304,798	3205	269,22	35,578
30698,207	7092	33X	514521,2753	8561173,599	304,3845	3200	268,8	35,5845
30703,844	7093	33X	514526,0806	8561176,512	303,9306	3200	268,8	35,1306
30709,881	7094	33X	514531,2887	8561179,529	303,4694	3200	268,8	34,6694
30716,111	7095	33X	514536,7289	8561182,534	303,791	3195	268,38	35,411
30722,329	7096	33X	514542,2303	8561185,413	303,4358	3195	268,38	35,0558
30728,374	7097	33X	514547,6511	8561188,075	303,1837	3190	267,96	35,2237
30734,235	7098	33X	514552,9642	8561190,544	303,775	3190	267,96	35,815
30739,939	7099	33X	514558,1713	8561192,87	303,6896	3190	267,96	35,7296
30745,509	7100	33X	514563,2742	8561195,104	303,6577	3185	267,54	36,1177
30750,972	7101	33X	514568,2783	8561197,296	303,6611	3180	267,12	36,5411
30756,366	7102	33X	514573,2038	8561199,493	303,6895	3175	266,7	36,9895
30761,731	7103	33X	514578,0746	8561201,743	303,7342	3170	266,28	37,4542
30767,112	7104	33X	514582,9147	8561204,093	303,7865	3165	265,86	37,9265
30772,521	7105	33X	514587,7243	8561206,568	303,8388	3155	265,02	38,8188
30777,85	7106	33X	514592,4089	8561209,107	303,8858	3150	264,6	39,2858
30782,956	7107	33X	514596,8502	8561211,626	303,9235	3145	264,18	39,7435
30787,696	7108	33X	514600,9299	8561214,04	303,9477	3140	263,76	40,1877
30791,989	7109	33X	514604,5815	8561216,296	303,9534	3135	263,34	40,6134
30795,988	7110	33X	514607,945	8561218,459	303,9336	3130	262,92	41,0136
30799,907	7111	33X	514611,2125	8561220,622	303,8804	3120	262,08	41,8004
30803,959	7112	33X	514614,5756	8561222,881	303,0362	3115	261,66	41,3762
30808,357	7113	33X	514618,2263	8561225,329	302,8933	3110	261,24	41,6533
30813,25	7114	33X	514622,3032	8561228,027	302,6996	3105	260,82	41,8796
30818,532	7115	33X	514626,7322	8561230,898	302,4765	3100	260,4	42,0765
30824,037	7116	33X	514631,3859	8561233,829	302,251	3095	259,98	42,271
30829,597	7117	33X	514636,137	8561236,71	302,0501	3090	259,56	42,4901
30835,088	7118	33X	514640,8931	8561239,45	301,8943	3080	258,72	43,1743
30840,556	7119	33X	514645,7016	8561242,051	301,7773	3075	258,3	43,4773
30846,089	7120	33X	514650,6449	8561244,535	301,6862	3070	257,88	43,8062
30851,777	7121	33X	514655,8053	8561246,925	301,6081	3065	257,46	44,1481
30857,66	7122	33X	514661,2176	8561249,229	301,5316	3060	257,04	44,4916
30863,584	7123	33X	514666,7258	8561251,409	301,4515	3055	256,62	44,8315
30869,344	7124	33X	514672,1265	8561253,411	301,3642	3045	255,78	45,5842
30874,734	7125	33X	514677,216	8561255,181	301,2659	3035	254,94	46,3259
30879,619	7126	33X	514681,8622	8561256,687	301,1525	3030	254,52	46,6325
30884,163	7127	33X	514686,2182	8561257,974	301,0181	3020	253,68	47,3381
30888,604	7128	33X	514690,5087	8561259,108	300,8564	3015	253,26	47,5964
30893,179	7129	33X	514694,9582	8561260,153	300,6609	3005	252,42	48,2409
30898,125	7130	33X	514699,7914	8561261,176	301,1755	3000	252	49,1755
30903,603	7131	33X	514705,1606	8561262,224	300,8993	2990	251,16	49,7393
30909,474	7132	33X	514710,9297	8561263,275	299,8545	2985	250,74	49,1145
30915,527	7133	33X	514716,8903	8561264,288	300,3191	2975	249,9	50,4191
30921,549	7134	33X	514722,834	8561265,223	300,0708	2965	249,06	51,0108
30927,377	7135	33X	514728,5999	8561266,054	299,8815	2960	248,64	51,2415
30933,047	7136	33X	514734,2175	8561266,812	299,7497	2950	247,8	51,9497
30938,642	7137	33X	514739,7636	8561267,542	299,6678	2940	246,96	52,7078
30944,244	7138	33X	514745,3152	8561268,291	299,6283	2930	246,12	53,5083
30949,895	7139	33X	514750,909	8561269,092	299,623	2920	245,28	54,343
30955,471	7140	33X	514756,4214	8561269,937	299,6418	2910	244,44	55,2018
30960,81	7141	33X	514761,6885	8561270,804	299,6737	2900	243,6	56,0737
30965,745	7142	33X	514766,5467	8561271,675	299,7079	2890	242,76	56,9479
30970,179	7143	33X	514770,8954	8561272,54	299,7347	2880	241,92	57,8147
30974,272	7144	33X	514774,887	8561273,445	299,7489	2875	241,5	58,2489
30978,25	7145	33X	514778,7373	8561274,446	298,9963	2865	240,66	58,3363
30982,341	7146	33X	514782,662	8561275,599	299,7228	2855	239,82	59,9028
30986,771	7147	33X	514786,8768	8561276,962	299,6741	2845	238,98	60,6941
30991,701	7148	33X	514791,5357	8561278,573	298,8465	2835	238,14	60,7065
30997,034	7149	33X	514796,5453	8561280,399	298,7373	2825	237,3	61,4373
31002,608	7150	33X	514801,7507	8561282,387	298,5941	2815	236,46	62,1341
31008,262	7151	33X	514806,9966	8561284,486	298,4146	2805	235,62	62,7946
31013,865	7152	33X	514812,161	8561286,651	298,1988	2795	234,78	63,4188
31019,421	7153	33X	514817,2531	8561288,858	297,9575	2785	233,94	64,0175
31024,96	7154	33X	514822,3154	8561291,093	297,7038	2775	233,1	64,6038
31030,515	7155	33X	514827,3901	8561293,337	297,4509	2765	232,26	65,1909
31036,116	7156	33X	514832,5192	8561295,576	297,2092	2755	231,42	65,7892
31041,797	7157	33X	514837,7436	8561297,796	296,978	2745	230,58	66,398
31047,591	7158	33X	514843,1039	8561299,982	296,7538	2740	230,16	66,5938
31053,531	7159	33X	514848,6408	8561302,123	296,5331	2730	229,32	67,2131
31059,616	7160	33X	514854,3565	8561304,2	296,3137	2715	228,06	68,2537
31065,692	7161	33X	514860,0993	8561306,172	296,0987	2705	227,22	68,8787
31071,566	7162	33X	514865,6793	8561307,995	295,8926	2690	225,96	69,9326
31077,045	7163	33X	514870,9064	8561309,624	295,6998	2680	225,12	70,5798
31082,006	7164	33X	514875,6603	8561311,032	295,5216	2665	223,86	71,6616
31086,614	7165	33X	514880,0994	8561312,258	295,3453	2655	223,02	72,3253
31091,109	7166	33X	514884,452	8561313,36	295,1553	2640	221,76	73,3953
31095,726	7167	33X	514888,9463	8561314,396	294,9356	2630	220,92	74,0156
31100,705	7168	33X	514893,8105	8561315,424	294,6706	2615	219,66	75,0106
31106,208	7169	33X	514899,201	8561316,485	294,3511	2605	218,82	75,5311
31112,103	7170	33X	514904,9875	8561317,557	293,9958	2590	217,56	76,4358
31118,186	7171	33X	514910,9678	8561318,603	293,6299	2580	216,72	76,9099
31124,248	7172	33X	514916,9398	8561319,585	293,279	2565	215,46	77,819
31130,135	7173	33X	514922,7495	8561320,479	293,7129	2555	214,62	79,0929
31135,888	7174	33X	514928,435	8561321,312	293,4303	2540	213,36	80,0703
31141,599	7175	33X	514934,0826	8561322,125	292,4244	2530	212,52	79,9044
31147,361	7176	33X	514939,7785	8561322,96	292,9386	2515	211,26	81,6786
31153,218	7177	33X	514945,5644	8561323,846	291,9672	2505	210,42	81,5472
31159,034	7178	33X	514951,3035	8561324,765	292,5083	2495	209,58	82,9283
31164,625	7179	33X	514956,8148	8561325,686	292,3115	2480	208,32	83,9915
31169,809	7180	33X	514961,9168	8561326,58	292,126	2470	207,48	84,646
31174,471	7181	33X	514966,4973	8561327,431	291,9505	2455	206,22	85,7305
31178,781	7182	33X	514970,7193	8561328,281	291,0309	2445	205,38	85,6509
31182,978	7183	33X	514974,8149	8561329,185	290,8624	2430	204,12	86,7424
31187,303	7184	33X	514979,016	8561330,198	291,4403	2420	203,28	88,1603
31191,996	7185	33X	514983,5546	8561331,376	290,5096	2405	202,02	88,4896
31197,224	7186	33X	514988,5938	8561332,756	290,3162	2395	201,18	89,1362
31202,872	7187	33X	514994,0211	8561334,306	290,1071	2380	199,92	90,1871
31208,752	7188	33X	514999,6552	8561335,973	289,8801	2370	199,08	90,8001
31214,676	7189	33X	515005,3147	8561337,706	289,6328	2355	197,82	91,8128
31220,505	7190	33X	515010,8651	8561339,464	289,3638	2345	196,98	92,3838
31226,286	7191	33X	515016,359	8561341,241	289,0754	2330	195,72	93,3554
31232,117	7192	33X	515021,896	8561343,045	288,7711	2320	194,88	93,8911
31238,094	7193	33X	515027,5756	8561344,88	288,4541	2305	193,62	94,8341
31244,263	7194	33X	515033,4475	8561346,741	288,1299	2295	192,78	95,3499
31250,464	7195	33X	515039,3631	8561348,575	287,8125	2280	191,52	96,2925
31256,49	7196	33X	515045,1237	8561350,319	287,5182	2270	190,68	96,8382
31262,132	7197	33X	515050,531	8561351,908	287,263	2255	189,42	97,843
31267,256	7198	33X	515055,4583	8561353,3	287,0577	2245	188,58	98,4777
31272,028	7199	33X	515060,0661	8561354,529	286,8905	2235	187,74	99,1505
31276,688	7200	33X	515064,5866	8561355,651	286,7441	2220	186,48	100,2641
31281,477	7201	33X	515069,2523	8561356,722	286,6013	2210	185,64	100,9613
31286,636	7202	33X	515074,2952	8561357,797	286,4447	2195	184,38	102,0647
31292,331	7203	33X	515079,8768	8561358,914	286,2605	2185	183,54	102,7205
31298,438	7204	33X	515085,8747	8561360,042	286,0483	2170	182,28	103,7683
31304,758	7205	33X	515092,0955	8561361,133	285,811	2160	181,44	104,371
31311,094	7206	33X	515098,3458	8561362,137	285,5518	2145	180,18	105,3718
31317,287	7207	33X	515104,4696	8561363,019	285,276	2135	179,34	105,936
31323,334	7208	33X	515110,46	8561363,795	285,7499	2120	178,08	107,6699
31329,268	7209	33X	515116,3475	8561364,495	285,492	2110	177,24	108,252
31335,124	7210	33X	515122,1623	8561365,147	285,271	2095	175,98	109,291
31340,933	7211	33X	515127,9348	8561365,779	285,1015	2085	175,14	109,9615
31346,729	7212	33X	515133,6945	8561366,415	284,9822	2070	173,88	111,1022
31352,544	7213	33X	515139,471	8561367,08	284,9078	2060	173,04	111,8678
31358,411	7214	33X	515145,2936	8561367,797	284,8732	2050	172,2	112,6732
31364,329	7215	33X	515151,1597	8561368,579	284,8718	2035	170,94	113,9318
31370,166	7216	33X	515156,9377	8561369,41	284,8926	2025	170,1	114,7926
31375,758	7217	33X	515162,4642	8561370,261	284,1733	2010	168,84	115,3333
31380,939	7218	33X	515167,5755	8561371,107	284,9514	2000	168	116,9514
31385,611	7219	33X	515172,1735	8561371,932	284,2168	1985	166,74	117,4768
31389,942	7220	33X	515176,4221	8561372,776	284,2162	1975	165,9	118,3162
31394,171	7221	33X	515180,5507	8561373,691	284,1985	1960	164,64	119,5585
31398,534	7222	33X	515184,7885	8561374,727	284,1626	1950	163,8	120,3626
31403,268	7223	33X	515189,3651	8561375,937	284,1073	1935	162,54	121,5673
31408,539	7224	33X	515194,4412	8561377,356	284,0312	1925	161,7	122,3312
31414,23	7225	33X	515199,9033	8561378,952	283,9322	1910	160,44	123,4922
31420,155	7226	33X	515205,5695	8561380,678	283,808	1900	159,6	124,208
31426,125	7227	33X	515211,2578	8561382,485	283,6562	1890	158,76	124,8962
31432,003	7228	33X	515216,8333	8561384,335	283,476	1875	157,5	125,976
31437,837	7229	33X	515222,3494	8561386,224	283,2722	1865	156,66	126,6122
31443,725	7230	33X	515227,9066	8561388,157	283,0512	1850	155,4	127,6512
31449,762	7231	33X	515233,6054	8561390,138	282,8193	1840	154,56	128,2593
31455,995	7232	33X	515239,4958	8561392,16	282,5831	1825	153,3	129,2831
31462,259	7233	33X	515245,4257	8561394,167	282,3497	1815	152,46	129,8897
31468,342	7234	33X	515251,1928	8561396,087	282,1267	1800	151,2	130,9267
31474,029	7235	33X	515256,5945	8561397,853	281,9216	1785	149,94	131,9816
31479,182	7236	33X	515261,5014	8561399,417	281,7391	1770	148,68	133,0591
31483,97	7237	33X	515266,0761	8561400,822	281,5739	1755	147,42	134,1539
31488,64	7238	33X	515270,5545	8561402,135	281,4175	1740	146,16	135,2575
31493,436	7239	33X	515275,1723	8561403,422	281,2618	1725	144,9	136,3618
31498,605	7240	33X	515280,1652	8561404,748	281,0986	1710	143,64	137,4586
31504,317	7241	33X	515285,698	8561406,159	280,9203	1695	142,38	138,5403
31510,45	7242	33X	515291,6516	8561407,615	280,7217	1680	141,12	139,6017
31516,803	7243	33X	515297,836	8561409,053	280,4981	1665	139,86	140,6381
31523,18	7244	33X	515304,0612	8561410,415	280,2449	1655	139,02	141,2249
31529,424	7245	33X	515310,1743	8561411,65	279,9592	1640	137,76	142,1992
31535,531	7246	33X	515316,1714	8561412,763	279,6448	1625	136,5	143,1448
31541,541	7247	33X	515322,0859	8561413,772	279,3072	1610	135,24	144,0672
31547,488	7248	33X	515327,9512	8561414,693	278,9518	1595	133,98	144,9718
31553,41	7249	33X	515333,8006	8561415,541	278,5835	1580	132,72	145,8635
31559,342	7250	33X	515339,668	8561416,321	278,2031	1565	131,46	146,7431
31565,317	7251	33X	515345,5872	8561417,036	277,8111	1550	130,2	147,6111
31571,371	7252	33X	515351,5922	8561417,69	277,4077	1535	128,94	148,4677
31577,503	7253	33X	515357,6814	8561418,284	276,9946	1520	127,68	149,3146
31583,571	7254	33X	515363,7123	8561418,818	276,5804	1505	126,42	150,1604
31589,399	7255	33X	515369,5066	8561419,292	276,1749	1490	125,16	151,0149
31594,809	7256	33X	515374,8866	8561419,705	275,7882	1475	123,9	151,8882
31599,692	7257	33X	515379,7438	8561420,058	275,4263	1460	122,64	152,7863
31604,221	7258	33X	515384,2485	8561420,364	275,0785	1450	121,8	153,2785
31608,635	7259	33X	515388,6408	8561420,638	274,7306	1435	120,54	154,1906
31613,177	7260	33X	515393,1607	8561420,895	274,3679	1420	119,28	155,0879
31618,087	7261	33X	515398,0482	8561421,15	273,2259	1405	118,02	155,2059
31623,533	7262	33X	515403,4709	8561421,412	272,7945	1390	116,76	156,0345
31629,393	7263	33X	515409,3067	8561421,672	272,3314	1375	115,5	156,8314
31635,471	7264	33X	515415,3612	8561421,913	271,8486	1360	114,24	157,6086
31641,573	7265	33X	515421,4398	8561422,122	271,3583	1340	112,56	158,7983
31647,553	7266	33X	515427,3972	8561422,286	270,8686	1325	111,3	159,5686
31653,463	7267	33X	515433,2848	8561422,399	270,3727	1310	110,04	160,3327
31659,403	7268	33X	515439,2029	8561422,462	269,8601	1295	108,78	161,0801
31665,476	7269	33X	515445,252	8561422,472	269,3201	1275	107,1	162,2201
31671,731	7270	33X	515451,4806	8561422,43	268,7478	1260	105,84	162,9078
31678,008	7271	33X	515457,7289	8561422,342	268,1601	1245	104,58	163,5801
31684,094	7272	33X	515463,7856	8561422,216	267,5798	1230	103,32	164,2598
31689,776	7273	33X	515469,4388	8561422,062	267,0295	1215	102,06	164,9695
31694,918	7274	33X	515474,5536	8561421,884	266,5241	1195	100,38	166,1441
31699,695	7275	33X	515479,3013	8561421,672	266,048	1180	99,12	166,928
31704,354	7276	33X	515483,9297	8561421,415	265,5778	1165	97,86	167,7178
31709,146	7277	33X	515488,6866	8561421,1	265,09	1155	97,02	168,07
31714,321	7278	33X	515493,82	8561420,714	264,5612	1140	95,76	168,8012
31720,051	7279	33X	515499,501	8561420,249	263,9757	1130	94,92	169,0557
31726,2	7280	33X	515505,5943	8561419,716	263,3482	1120	94,08	169,2682
31732,554	7281	33X	515511,8879	8561419,13	262,7011	1110	93,24	169,4611
31738,899	7282	33X	515518,1696	8561418,504	262,0567	1095	91,98	170,0767
31745,076	7283	33X	515524,2798	8561417,854	261,4328	1085	91,14	170,2928
31751,13	7284	33X	515530,2674	8561417,188	260,8278	1075	90,3	170,5278
31757,164	7285	33X	515536,234	8561416,513	260,2357	1065	89,46	170,7757
31763,277	7286	33X	515542,2807	8561415,838	259,6505	1050	88,2	171,4505
31769,518	7287	33X	515548,4589	8561415,17	259,0694	1065	89,46	169,6094
31775,737	7288	33X	515554,6193	8561414,529	258,5032	1075	90,3	168,2032
31781,734	7289	33X	515560,5626	8561413,935	257,966	1085	91,14	166,826
31787,308	7290	33X	515566,0897	8561413,408	257,4721	1095	91,98	165,4921
31792,333	7291	33X	515571,0748	8561412,963	257,0306	1105	92,82	164,2106
31796,976	7292	33X	515575,6867	8561412,603	257,3805	1120	94,08	163,3005
31801,481	7293	33X	515580,1678	8561412,326	256,2556	1130	94,92	161,3356
31806,093	7294	33X	515584,7605	8561412,127	255,89	1140	95,76	160,13
31811,055	7295	33X	515589,7072	8561412,005	255,5174	1150	96,6	158,9174
31816,541	7296	33X	515595,1787	8561411,964	255,1255	1170	98,28	156,8455
31822,436	7297	33X	515601,0592	8561412,029	254,7157	1190	99,96	154,7557
31828,556	7298	33X	515607,1615	8561412,232	254,2932	1210	101,64	152,6532
31834,719	7299	33X	515613,2982	8561412,606	253,8631	1225	102,9	150,9631
31840,782	7300	33X	515619,3189	8561413,175	253,4286	1245	104,58	148,8486
31846,75	7301	33X	515625,221	8561413,941	252,235	1265	106,26	145,975
31852,664	7302	33X	515631,0388	8561414,897	251,7758	1285	107,94	143,8358
31858,563	7303	33X	515636,8065	8561416,038	251,2945	1300	109,2	142,0945
31864,486	7304	33X	515642,5563	8561417,363	250,7861	1320	110,88	139,9061
31870,466	7305	33X	515648,3118	8561418,896	250,2531	1330	111,72	138,5331
31876,538	7306	33X	515654,0945	8561420,664	249,6995	1340	112,56	137,1395
31882,739	7307	33X	515659,9256	8561422,696	249,1294	1350	113,4	135,7294
31889,07	7308	33X	515665,795	8561424,996	248,5491	1360	114,24	134,3091
31895,375	7309	33X	515671,5657	8561427,47	247,9743	1370	115,08	132,8943
31901,457	7310	33X	515677,0689	8561430,002	247,423	1380	115,92	131,503
31907,118	7311	33X	515682,136	8561432,473	246,9131	1390	116,76	130,1531
31912,228	7312	33X	515686,6605	8561434,804	246,4578	1400	117,6	128,8578
31916,951	7313	33X	515690,7853	8561437,069	246,0501	1410	118,44	127,6101
31921,526	7314	33X	515694,7154	8561439,381	245,6783	1420	119,28	126,3983
31926,191	7315	33X	515698,656	8561441,853	245,3305	1430	120,12	125,2105
31931,182	7316	33X	515702,8121	8561444,596	245,7451	1440	120,96	124,7851
31936,661	7317	33X	515707,3249	8561447,686	245,4139	1450	121,8	123,6139
31942,492	7318	33X	515712,0797	8561451,046	245,0935	1470	123,48	121,6135
31948,465	7319	33X	515716,8979	8561454,562	244,0444	1495	125,58	118,4644
31954,368	7320	33X	515721,6009	8561458,121	243,0268	1515	127,26	115,7668
31960,044	7321	33X	515726,0528	8561461,634	242,7986	1535	128,94	113,8586
31965,539	7322	33X	515730,2882	8561465,129	242,6081	1555	130,62	111,9881
31970,948	7323	33X	515734,3843	8561468,659	241,7012	1575	132,3	109,4012
31976,369	7324	33X	515738,4185	8561472,277	241,5734	1595	133,98	107,5934
31981,852	7325	33X	515742,4366	8561476,007	240,7209	1615	135,66	105,0609
31987,275	7326	33X	515746,3591	8561479,751	240,6401	1635	137,34	103,3001
31992,471	7327	33X	515750,075	8561483,382	239,8277	1655	139,02	100,8077
31997,273	7328	33X	515753,4734	8561486,774	239,7801	1675	140,7	99,0801
32001,575	7329	33X	515756,4846	8561489,846	238,9944	1695	142,38	96,6144
32005,525	7330	33X	515759,2042	8561492,712	238,2178	1715	144,06	94,1578
								0
								0
								0
								0
								0
								0
								0
								0
								0
								0
								0
								0
								0
								0
								0
								0
								0
								0
								0
								0
								0
								0
								0
								0
								0
								0
								0
								0
								0
								0
								0
								0
								0
								0
								0
								0
								0
								0
								0
								0
								0
								0
								0
								0
								0
								0
								0
								0
								0
								0
								0
								0
								0
								0
								0
								0
								0
								0
								0
								0
								0
								0
								0
								0
								0
								0
								0
								0
								0
								0
								0
								0
								0
								0
								0
								0
								0
								0
								0
								0
								0
								0
								0
								0
								0
								0
								0
								0
								0
								0
								0
								0
								0
								0
								0
								0
								0
								0
								0
								0
								0
								0
								0
								0
								0
								0
								0
								0
								0
								0
								0
								0
								0
								0
								0
								0
								0
								0
								0
								0
								0
								0
								0
								0
								0
								0
								0
								0
								0
								0
								0
								0
								0
								0
								0
								0
								0
								0
								0
								0
								0
								0
								0
								0
								0
								0
								0
								0
								0
								0
								0
								0
								0
								0
								0
								0
								0
								0
								0
								0
								0
								0
								0
								0
								0
								0
								0
								0
								0
								0
								0
								0
								0
								0
								0
								0
								0
								0
								0
								0
								0
								0
								0
								0
								0
								0
								0
								0
								0
								0
								0
								0
								0
								0
								0
								0
								0
								0
								0
								0
								0
								0
								0
								0
								0
								0
								0
								0
								0
								0
								0
								0
								0
								0
								0
								0
								0
								0
								0
								0
								0
								0
								0
								0
								0
								0
								0
								0
								0
								0
								0
								0
								0
								0
								0
								0
								0
								0
								0
								0
								0
								0
								0
								0
								0
								0
								0
								0
								0
								0
								0
								0
								0
								0
								0
								0
								0
								0
								0
								0
								0
								0
								0
								0
								0
								0
								0
								0
								0
								0
								0
								0
								0
								0
								0
								0
								0
								0
								0
								0
								0
								0
								0
								0
								0
								0
								0
								0
								0
								0
								0
								0
								0
								0
								0
								0
								0
								0
								0
								0
								0
								0
								0
								0
								0
								0
								0
								0
								0
								0
								0
								0
								0
								0
								0
								0
								0
								0
								0
								0
								0
								0
								0
								0
								0
								0
								0
								0
								0
								0
								0
								0
								0
								0
								0
								0
								0
								0
								0
								0
								0
								0
								0
								0
								0
								0
								0
								0
								0
								0
								0
								0
								0
								0
								0
								0
								0
								0
								0
								0
								0
								0
								0
								0
								0
								0
								0
								0
								0
								0
								0
								0
								0
								0
								0
								0
								0
								0
								0
								0
								0
								0
								0
								0
								0
								0
								0
								0
								0
								0
								0
								0
								0
								0
								0
								0
								0
								0
								0
								0
								0
								0
								0
								0
								0
								0
								0
								0
								0
								0
								0
								0
								0
								0
								0
								0
								0
								0
								0
								0
								0
								0
								0
								0
								0
								0
								0
								0
								0
								0
								0
								0
								0
								0
								0
								0
								0
								0
								0
								0
								0
								0
								0
								0
								0
								0
								0
								0
								0
								0
								0
								0
								0
								0
								0
								0
								0
								0
								0
								0
								0
								0
								0
								0
								0
								0
								0
								0
								0
								0
								0
								0
								0
								0
								0
								0
								0
								0
								0
								0
								0
								0
								0
								0
								0
								0
								0
								0
								0
								0
								0
								0
								0
								0
								0
								0
								0
								0
								0
								0
								0
								0
								0
								0
								0
								0
								0
								0
								0
								0
								0
								0
								0
								0
								0
								0
								0
								0
								0
								0
								0
								0
								0
								0
								0
								0
								0
								0
								0
								0
								0
								0
								0
								0
								0
								0
								0
								0
								0
								0
								0
								0
								0
								0
								0
								0
								0
								0
								0
								0
								0
								0
								0
								0
								0
								0
								0
								0
								0
								0
								0
								0
								0
								0
								0
								0
								0
								0
								0
								0
								0
								0
								0
								0
								0
								0
								0
								0
								0
								0
								0
								0
								0
								0
								0
								0
								0
								0
								0
								0
								0
								0
								0
								0
								0
								0
								0
								0
								0
								0
								0
								0
								0
								0
								0
								0
								0
								0
								0
								0
								0
								0
								0
								0
								0
								0
								0
								0
								0
								0
								0
								0
								0
								0
								0
								0
								0
								0
								0
								0
								0
								0
								0
								0
								0
								0
								0
								0
								0
								0
								0
								0
								0
								0
								0
								0
								0
								0
								0
								0
								0
								0
								0
								0
								0
								0
								0
								0
								0
								0
								0
								0
								0
								0
								0
								0
								0
								0
								0
								0
								0
								0
								0
								0
								0
								0
								0
								0
								0
								0
								0
								0
								0
								0
								0
								0
								0
								0
								0
								0
								0
								0
								0
								0
								0
								0
								0
								0
								0
								0
								0
								0
								0
								0
								0
								0
								0
								0
								0
								0
								0
								0
								0
								0
								0
								0
								0
								0
								0
								0
								0
								0
								0
								0
								0
								0
								0
								0
								0
								0
								0
								0
								0
								0
								0
								0
								0
								0
								0
								0
								0
								0
								0
								0
								0
								0
								0
								0
								0
								0
								0
								0
								0
								0
								0
								0
								0
								0
								0
								0
								0
								0
								0
								0
								0
								0
								0
								0
								0
								0
								0
								0
								0
								0
								0
								0
								0
								0
								0
								0
								0
								0
								0
								0
								0
								0
								0
								0
								0
								0
								0
								0
								0
								0
								0
								0
								0
								0
								0
								0
								0
								0
								0
								0
								0
								0
								0
								0
								0
								0
								0
								0
								0
								0
								0
								0
								0
								0
								0
								0
								0
								0
								0
								0
								0
								0
								0
								0
								0
								0
								0
								0
								0
								0
								0
								0
								0
								0
								0
								0
								0
								0
								0
								0
								0
								0
								0
								0
								0
								0
								0
								0
								0
								0
								0
								0
								0
								0
								0
								0
								0
								0
								0
								0
								0
								0
								0
								0
								0
								0
								0
								0
								0
								0
								0
								0
								0
								0
								0
								0
								0
								0
								0
								0
								0
								0
								0
								0
								0
								0
								0
								0
								0
								0
								0
								0
								0
								0
								0
								0
								0
								0
								0
								0
								0
								0
								0
								0
								0
								0
								0
								0
								0
								0
								0
								0
								0
								0
								0
								0
								0
								0
								0
								0
								0
								0
								0
								0
								0
								0
								0
								0
								0
								0
								0
								0
								0
								0
								0
								0
								0
								0
								0
								0
								0
								0
								0
								0
								0
								0
								0
								0
								0
								0
								0
								0
								0
								0
								0
								0
								0
								0
								0
								0
								0
								0
								0
								0
								0
								0
								0
								0
								0
								0
								0
								0
								0
								0
								0
								0
								0
								0
								0
								0
								0
								0
								0
								0
								0
								0
								0
								0
								0
								0
								0
								0
								0
								0
								0
								0
								0
								0
								0
								0
								0
								0
								0
								0
								0
								0
								0
								0
								0
								0
								0
								0
								0
								0
								0
								0
								0
								0
								0
								0
								0
								0
								0
								0
								0
								0
								0
								0
								0
								0
								0
								0
								0
								0
								0
								0
								0
								0
								0
								0
								0
								0
								0
								0
								0
								0
								0
								0
								0
								0
								0
								0
								0
								0
								0
								0
								0
								0
								0
								0
								0
								0
								0
								0
								0
								0
								0
								0
								0
								0
								0
								0
								0
								0
								0
								0
								0
								0
								0
								0
								0
								0
								0
								0
								0
								0
								0
								0
								0
								0
								0
								0
								0
								0
								0
								0
								0
								0
								0
								0
								0
								0
								0
								0
								0
								0
								0
								0
								0
								0
								0
								0
								0
								0
								0
								0
								0
								0
								0
								0
								0
								0
								0
								0
								0
								0
								0
								0
								0
								0
								0
								0
								0
								0
								0
								0
								0
								0
								0
								0
								0
								0
								0
								0
								0
								0
								0
								0
								0
								0
								0
								0
								0
								0
								0
								0
								0
								0
								0
								0
								0
								0
								0
								0
								0
								0
								0
								0
								0
								0
								0
								0
								0
								0
								0
								0
								0
								0
								0
								0
								0
								0
								0
								0
								0
								0
								0
								0
								0
								0
								0
								0
								0
								0
								0
								0
								0
								0
								0
								0
								0
								0
								0
								0
								0
								0
								0
								0
								0
								0
								0
								0
								0
								0
								0
								0
								0
								0
								0
								0
								0
								0
								0
								0
								0
								0
								0
								0
								0
								0
								0
								0
								0
								0
								0
								0
								0
								0
								0
								0
								0
								0
								0
								0
								0
								0
								0
								0
								0
								0
								0
								0
								0
								0
								0
								0
								0
								0
								0
								0
								0
								0
								0
								0
								0
								0
								0
								0
								0
								0
								0
								0
								0
								0
								0
								0
								0
								0
								0
								0
								0
								0
								0
								0
								0
								0
								0
								0
								0
								0
								0
								0
								0
								0
								0
								0
								0
								0
								0
								0
								0
								0
								0
								0
								0
								0
								0
								0
								0
								0
								0
								0
								0
								0
								0
								0
								0
								0
								0
								0
								0
								0
								0
								0
								0
								0
								0
								0
								0
								0
								0
								0
								0
								0
								0
								0
								0
								0
								0
								0
								0
								0
								0
								0
								0
								0
								0
								0
								0
								0
								0
								0
								0
								0
								0
								0
								0
								0
								0
								0
								0
								0
								0
								0
								0
								0
								0
								0
								0
								0
								0
								0
								0
								0
								0
								0
								0
								0
								0
								0
								0
								0
								0
								0
								0
								0
								0
								0
								0
								0
								0
								0
								0
								0
								0
								0
								0
								0
								0
								0
								0
								0
								0
								0
								0
								0
								0
								0
								0
								0
								0
								0
								0
								0
								0
								0
								0
								0
								0
								0
								0
								0
								0
								0
								0
								0
								0
								0
								0
								0
								0
								0
								0
								0
								0
								0
								0
								0
								0
								0
								0
								0
								0
								0
								0
								0
								0
								0
								0
								0
								0
								0
								0
								0
								0
								0
								0
								0
								0
								0
								0
								0
								0
								0
								0
								0
								0
								0
								0
								0
								0
								0
								0
								0
								0
								0
								0
								0
								0
								0
								0
								0
								0
								0
								0
								0
								0
								0
								0
								0
								0
								0
								0
								0
								0
								0
								0
								0
								0
								0
								0
								0
								0
								0
								0
								0
								0
								0
								0
								0
								0
								0
								0
								0
								0
								0
								0
								0
								0
								0
								0
								0
								0
								0
								0
								0
								0
								0
								0
								0
								0
								0
								0
								0
								0
								0
								0
								0
								0
								0
								0
								0
								0
								0
								0
								0
								0
								0
								0
								0
								0
								0
								0
								0
								0
								0
								0
								0
								0
								0
								0
								0
								0
								0
								0
								0
								0
								0
								0
								0
								0
								0
								0
								0
								0
								0
								0
								0
								0
								0
								0
								0
								0
								0
								0
								0
								0
								0
								0
								0
								0
								0
								0
								0
								0
								0
								0
								0
								0
								0
								0
								0
								0
								0
								0
								0
								0
								0
								0
								0
								0
								0
								0
								0
								0
								0
								0
								0
								0
								0
								0
								0
								0
								0
								0
								0
								0
								0
								0
								0
								0
								0
								0
								0
								0
								0
								0
								0
								0
								0
								0
								0
								0
								0
								0
								0
								0
								0
								0
								0
								0
								0
								0
								0
								0
								0
								0
								0
								0
								0
								0
								0
								0
								0
								0
								0
								0
								0
								0
								0
								0
								0
								0
								0
								0
								0
								0
								0
								0
								0
								0
								0
								0
								0
								0
								0
								0
								0
								0
								0
								0
								0
								0
								0
								0
								0
								0
								0
								0
								0
								0
								0
								0
								0
								0
								0
								0
								0
								0
								0
								0
								0
								0
								0
								0
								0
								0
								0
								0
								0
								0
								0
								0
								0
								0
								0
								0
								0
								0
								0
								0
								0
								0
								0
								0
								0
								0
								0
								0
								0
								0
								0
								0
								0
								0
								0
								0
								0
								0
								0
								0
								0
								0
								0
								0
								0
								0
								0
								0
								0
								0
								0
								0
								0
								0
								0
								0
								0
								0
								0
								0
								0
								0
								0
								0
								0
								0
								0
								0
								0
								0
								0
								0
								0
								0
								0
								0
								0
								0
								0
								0
								0
								0
								0
								0
								0
								0
								0
								0
								0
								0
								0
								0
								0
								0
								0
								0
								0
								0
								0
								0
								0
								0
								0
								0
								0
								0
								0
								0
								0
								0
								0
								0
								0
								0
								0
								0
								0
								0
								0
								0
								0
								0
								0
								0
								0
								0
								0
								0
								0
								0
								0
								0
								0
								0
								0
								0
								0
								0
								0
								0
								0
								0
								0
								0
								0
								0
								0
								0
								0
								0
								0
								0
								0
								0
								0
								0
								0
								0
								0
								0
								0
								0
								0
								0
								0
								0
								0
								0
								0
								0
								0
								0
								0
								0
								0
								0
								0
								0
								0
								0
								0
								0
								0
								0
								0
								0
								0
								0
								0
								0
								0
								0
								0
								0
								0
								0
								0
								0
								0
								0
								0
								0
								0
								0
								0
								0
								0
								0
								0
								0
								0
								0
								0
								0
								0
								0
								0
								0
								0
								0
								0
								0
								0
								0
								0
								0
								0
								0
								0
								0
								0
								0
								0
								0
								0
								0
								0
								0
								0
								0
								0
								0
								0
								0
								0
								0
								0
								0
								0
								0
								0
								0
								0
								0
								0
								0
								0
								0
								0
								0
								0
								0
								0
								0
								0
								0
								0
								0
								0
								0
								0
								0
								0
								0
								0
								0
								0
								0
								0
								0
								0
								0
								0
								0
								0
								0
								0
								0
								0
								0
								0
								0
								0
								0
								0
								0
								0
								0
								0
								0
								0
								0
								0
								0
								0
								0
								0
								0
								0
								0
								0
								0
								0
								0
								0
								0
								0
								0
								0
								0
								0
								0
								0
								0
								0
								0
								0
								0
								0
								0
								0
								0
								0
								0
								0
								0
								0
								0
								0
								0
								0
								0
								0
								0
								0
								0
								0
								0
								0
								0
								0
								0
								0
								0
								0
								0
								0
								0
								0
								0
								0
								0
								0
								0
								0
								0
								0
								0
								0
								0
								0
								0
								0
								0
								0
								0
								0
								0
								0
								0
								0
								0
								0
								0
								0
								0
								0
								0
								0
								0
								0
								0
								0
								0
								0
								0
								0
								0
								0
								0
								0
								0
								0
								0
								0
								0
								0
								0
								0
								0
								0
								0
								0
								0
								0
								0
								0
								0
								0
								0
								0
								0
								0
								0
								0
								0
								0
								0
								0
								0
								0
								0
								0
								0
								0
								0
								0
								0
								0
								0
								0
								0
								0
								0
								0
								0
								0
								0
								0
								0
								0
								0
								0
								0
								0
								0
								0
								0
								0
								0
								0
								0
								0
								0
								0
								0
								0
								0
								0
								0
								0
								0
								0
								0
								0
								0
								0
								0
								0
								0
								0
								0
								0
								0
								0
								0
								0
								0
								0
								0
								0
								0
								0
								0
								0
								0
								0
								0
								0
								0
								0
								0
								0
								0
								0
								0
								0
								0
								0
								0
								0
								0
								0
								0
								0
								0
								0
								0
								0
								0
								0
								0
								0
								0
								0
								0
								0
								0
								0
								0
								0
								0
								0
								0
								0
								0
								0
								0
								0
								0
								0
								0
								0
								0
								0
								0
								0
								0
								0
								0
								0
								0
								0
								0
								0
								0
								0
								0
								0
								0
								0
								0
								0
								0
								0
								0
								0
								0
								0
								0
								0
								0
								0
								0
								0
								0
								0
								0
								0
								0
								0
								0
								0
								0
								0
								0
								0
								0
								0
								0
								0
								0
								0
								0
								0
								0
								0
								0
								0
								0
								0
								0
								0
								0
								0
								0
								0
								0
								0
								0
								0
								0
								0
								0
								0
								0
								0
								0
								0
								0
								0
								0
								0
								0
								0
								0
								0
								0
								0
								0
								0
								0
								0
								0
								0
								0
								0
								0
								0
								0
								0
								0
								0
								0
								0
								0
								0
								0
								0
								0
								0
								0
								0
								0
								0
								0
								0
								0
								0
								0
								0
								0
								0
								0
								0
								0
								0
								0
								0
								0
								0
								0
								0
								0
								0
								0
								0
								0
								0
								0
								0
								0
								0
								0
								0
								0
								0
								0
								0
								0
								0
								0
								0
								0
								0
								0
								0
								0
								0
								0
								0
								0
								0
								0
								0
								0
								0
								0
								0
								0
								0
								0
								0
								0
								0
								0
								0
								0
								0
								0
								0
								0
								0
								0
								0
								0
								0
								0
								0
								0
								0
								0
								0
								0
								0
								0
								0
								0
								0
								0
								0
								0
								0
								0
								0
								0
								0
								0
								0
								0
								0
								0
								0
								0
								0
								0
								0
								0
								0
								0
								0
								0
								0
								0
								0
								0
								0
								0
								0
								0
								0
								0
								0
								0
								0
								0
								0
								0
								0
								0
								0
								0
								0
								0
								0
								0
								0
								0
								0
								0
								0
								0
								0
								0
								0
								0
								0
								0
								0
								0
								0
								0
								0
								0
								0
								0
								0
								0
								0
								0
								0
								0
								0
								0
								0
								0
								0
								0
								0
								0
								0
								0
								0
								0
								0
								0
								0
								0
								0
								0
								0
								0
								0
								0
								0
								0
								0
								0
								0
								0
								0
								0
								0
								0
								0
								0
								0
								0
								0
								0
								0
								0
								0
								0
								0
								0
								0
								0
								0
								0
								0
								0
								0
								0
								0
								0
								0
								0
								0
								0
								0
								0
								0
								0
								0
								0
								0
								0
								0
								0
								0
								0
								0
								0
								0
								0
								0
								0
								0
								0
								0
								0
								0
								0
								0
								0
								0
								0
								0
								0
								0
								0
								0
								0
								0
								0
								0
								0
								0
								0
								0
								0
								0
								0
								0
								0
								0
								0
								0
								0
								0
								0
								0
								0
								0
								0
								0
								0
								0
								0
								0
								0
								0
								0
								0
								0
								0
								0
								0
								0
								0
								0
								0
								0
								0
								0
								0
								0
								0
								0
								0
								0
								0
								0
								0
								0
								0
								0
								0
								0
								0
								0
								0
								0
								0
								0
								0
								0
								0
								0
								0
								0
								0
								0
								0
								0
								0
								0
								0
								0
								0
								0
								0
								0
								0
								0
								0
								0
								0
								0
								0
								0
								0
								0
								0
								0
								0
								0
								0
								0
								0
								0
								0
								0
								0
								0
								0
								0
								0
								0
								0
								0
								0
								0
								0
								0
								0
								0
								0
								0
								0
								0
								0
								0
								0
								0
								0
								0
								0
								0
								0
								0
								0
								0
								0
								0
								0
								0
								0
								0
								0
								0
								0
								0
								0
								0
								0
								0
								0
								0
								0
								0
								0
								0
								0
								0
								0
								0
								0
								0
								0
								0
								0
								0
								0
								0
								0
								0
								0
								0
								0
								0
								0
								0
								0
								0
								0
								0
								0
								0
								0
								0
								0
								0
								0
								0
								0
								0
								0
								0
								0
								0
								0
								0
								0
								0
								0
								0
								0
								0
								0
								0
								0
								0
								0
								0
								0
								0
								0
								0
								0
								0
								0
								0
								0
								0
								0
								0
								0
								0
								0
								0
								0
								0
								0
								0
								0
								0
								0
								0
								0
								0
								0
								0
								0
								0
								0
								0
								0
								0
								0
								0
