Dist	TrNo	Zone	X,m	Y,m	Alt, m	TD, ns	Hice, m	Bed,m
20317,316	5023	33X	516060,6852	8562285,857	204,1736	2675	224,7	-20,5264
20322,916	5024	33X	516055,1002	8562285,59	204,4833	2670	224,28	-19,7967
20328,914	5025	33X	516049,1239	8562285,238	204,8486	2670	224,28	-19,4314
20335,098	5026	33X	516042,969	8562284,808	205,2601	2665	223,86	-18,5999
20341,255	5027	33X	516036,8483	8562284,309	205,7083	2665	223,86	-18,1517
20347,225	5028	33X	516030,9236	8562283,749	206,1862	2660	223,44	-17,2538
20353,051	5029	33X	516025,1534	8562283,13	206,6963	2660	223,44	-16,7437
20358,825	5030	33X	516019,4453	8562282,455	207,9938	2655	223,02	-15,0262
20364,639	5031	33X	516013,7069	8562281,727	207,8335	2655	223,02	-15,1865
20370,54	5032	33X	516007,8913	8562280,952	209,2152	2650	222,6	-13,3848
20376,39	5033	33X	516002,1333	8562280,153	209,8672	2645	222,18	-12,3128
20382,004	5034	33X	515996,6128	8562279,358	210,5123	2645	222,18	-11,6677
20387,2	5035	33X	515991,5099	8562278,595	211,1237	2650	222,6	-11,4763
20391,862	5036	33X	515986,9381	8562277,878	210,9334	2650	222,6	-11,6666
20396,148	5037	33X	515982,744	8562277,167	211,4603	2655	223,02	-11,5597
20400,288	5038	33X	515978,7076	8562276,41	211,9826	2660	223,44	-11,4574
20404,511	5039	33X	515974,6088	8562275,553	212,5283	2665	223,86	-11,3317
20409,046	5040	33X	515970,2276	8562274,545	213,1257	2665	223,86	-10,7343
20414,055	5041	33X	515965,4109	8562273,344	213,0434	2670	224,28	-11,2366
20419,423	5042	33X	515960,2736	8562271,963	213,7621	2675	224,7	-10,9379
20424,968	5043	33X	515954,9974	8562270,426	214,5031	2680	225,12	-10,6169
20430,51	5044	33X	515949,7641	8562268,756	215,2378	2685	225,54	-10,3022
20435,917	5045	33X	515944,7102	8562266,968	215,9405	2685	225,54	-9,5995
20441,244	5046	33X	515939,791	8562265,033	216,5973	2690	225,96	-9,3627
20446,593	5047	33X	515934,9166	8562262,912	217,1974	2700	226,8	-9,6026
20452,069	5048	33X	515929,9973	8562260,566	217,7298	2705	227,22	-9,4902
20457,727	5049	33X	515924,9845	8562257,982	218,1861	2715	228,06	-9,8739
20463,428	5050	33X	515919,9958	8562255,25	218,567	2720	228,48	-9,913
20468,982	5051	33X	515915,19	8562252,483	218,8755	2730	229,32	-10,4445
20474,196	5052	33X	515910,7262	8562249,799	219,1147	2735	229,74	-10,6253
20478,95	5053	33X	515906,7037	8562247,272	219,288	2745	230,58	-11,292
20483,408	5054	33X	515902,9838	8562244,817	219,4002	2750	231	-11,5998
20487,811	5055	33X	515899,3679	8562242,306	219,4561	2760	231,84	-12,3839
20492,395	5056	33X	515895,6576	8562239,614	219,4609	2770	232,68	-13,2191
20497,397	5057	33X	515891,6546	8562236,614	219,4195	2775	233,1	-13,6805
20502,98	5058	33X	515887,2202	8562233,223	219,3374	2785	233,94	-14,6026
20509,015	5059	33X	515882,4553	8562229,522	219,2223	2790	234,36	-15,1377
20515,297	5060	33X	515877,5203	8562225,637	219,0821	2785	233,94	-14,8579
20521,626	5061	33X	515872,576	8562221,69	218,9249	2785	233,94	-15,0151
20527,847	5062	33X	515867,7416	8562217,778	218,7612	2780	233,52	-14,7588
20534,002	5063	33X	515862,9712	8562213,891	218,6106	2775	233,1	-14,4894
20540,184	5064	33X	515858,1779	8562209,988	218,4951	2775	233,1	-14,6049
20546,486	5065	33X	515853,2744	8562206,031	218,4366	2770	232,68	-14,2434
20552,947	5066	33X	515848,2169	8562202,01	218,4503	2765	232,26	-13,8097
20559,405	5067	33X	515843,1346	8562198,027	218,5227	2765	232,26	-13,7373
20565,642	5068	33X	515838,1997	8562194,214	218,6337	2760	231,84	-13,2063
20571,442	5069	33X	515833,5846	8562190,703	218,763	2750	231	-12,237
20576,667	5070	33X	515829,3985	8562187,579	218,8943	2745	230,58	-11,6857
20581,49	5071	33X	515825,498	8562184,746	219,0285	2740	230,16	-11,1315
20586,163	5072	33X	515821,6763	8562182,059	219,1703	2735	229,74	-10,5697
20590,94	5073	33X	515817,7269	8562179,377	219,3247	2730	229,32	-9,9953
20596,073	5074	33X	515813,4431	8562176,555	219,4966	2730	229,32	-9,8234
20601,74	5075	33X	515808,6794	8562173,491	219,689	2730	229,32	-9,631
20607,824	5076	33X	515803,5347	8562170,25	219,8983	2730	229,32	-9,4217
20614,134	5077	33X	515798,1691	8562166,936	220,1191	2730	229,32	-9,2009
20620,481	5078	33X	515792,7427	8562163,652	220,3459	2730	229,32	-8,9741
20626,711	5079	33X	515787,3849	8562160,481	220,5743	2735	229,74	-9,1657
20632,825	5080	33X	515782,1029	8562157,41	220,0545	2730	229,32	-9,2655
20638,862	5081	33X	515776,8734	8562154,403	220,2874	2725	228,9	-8,6126
20644,86	5082	33X	515771,6729	8562151,424	220,5243	2725	228,9	-8,3757
20650,858	5083	33X	515766,4774	8562148,437	220,7656	2720	228,48	-7,7144
20656,896	5084	33X	515761,2602	8562145,407	221,0087	2715	228,06	-7,0513
20663,016	5085	33X	515755,994	8562142,3	221,2507	2715	228,06	-6,8093
20669,258	5086	33X	515750,6515	8562139,08	221,4883	2705	227,22	-5,7317
20675,626	5087	33X	515745,2361	8562135,737	221,7183	2695	226,38	-4,6617
20681,969	5088	33X	515739,8744	8562132,355	221,9365	2685	225,54	-3,6035
20688,096	5089	33X	515734,7236	8562129,043	222,139	2680	225,12	-2,981
20693,817	5090	33X	515729,9411	8562125,91	222,3213	2670	224,28	-1,9587
20699,014	5091	33X	515725,6232	8562123,021	222,4811	2660	223,44	-0,9589
20703,868	5092	33X	515721,6223	8562120,276	222,6228	2655	223,02	-0,3972
20708,632	5093	33X	515717,73	8562117,532	222,7528	2650	222,6	0,1528
20713,56	5094	33X	515713,7377	8562114,646	222,8773	2640	221,76	1,1173
20718,906	5095	33X	515709,437	8562111,474	223,0025	2635	221,34	1,6625
20724,844	5096	33X	515704,6831	8562107,918	223,1327	2630	220,92	2,2127
20731,238	5097	33X	515699,5863	8562104,059	223,2644	2625	220,5	2,7644
20737,873	5098	33X	515694,3205	8562100,024	223,3921	2620	220,08	3,3121
20744,535	5099	33X	515689,0598	8562095,938	223,5102	2615	219,66	3,8502
20751,063	5100	33X	515683,9335	8562091,898	223,6158	2615	219,66	3,9558
20757,507	5101	33X	515678,8927	8562087,886	223,7163	2615	219,66	4,0563
20763,968	5102	33X	515673,8436	8562083,855	223,8217	2615	219,66	4,1617
20770,551	5103	33X	515668,6927	8562079,758	223,9421	2615	219,66	4,2821
20777,303	5104	33X	515663,3914	8562075,578	223,3337	2615	219,66	3,6737
20784,056	5105	33X	515658,0717	8562071,421	223,4873	2615	219,66	3,8273
20790,587	5106	33X	515652,9104	8562067,422	223,6399	2615	219,66	3,9799
20796,673	5107	33X	515648,0846	8562063,717	223,7786	2615	219,66	4,1186
20802,169	5108	33X	515643,7078	8562060,394	223,8925	2615	219,66	4,2325
20807,25	5109	33X	515639,6396	8562057,352	223,9791	2620	220,08	3,8991
20812,167	5110	33X	515635,6761	8562054,443	224,0382	2620	220,08	3,9582
20817,173	5111	33X	515631,6134	8562051,518	224,0693	2625	220,5	3,5693
20822,521	5112	33X	515627,2477	8562048,429	224,0721	2625	220,5	3,5721
20828,397	5113	33X	515622,4286	8562045,067	224,0475	2625	220,5	3,5475
20834,717	5114	33X	515617,2205	8562041,487	224,0011	2630	220,92	3,0811
20841,333	5115	33X	515611,7412	8562037,781	223,9397	2630	220,92	3,0197
20848,094	5116	33X	515606,1085	8562034,042	223,8704	2635	221,34	2,5304
20854,851	5117	33X	515600,4431	8562030,359	223,7996	2635	221,34	2,4596
20861,454	5118	33X	515594,8766	8562026,807	223,7322	2635	221,34	2,3922
20867,754	5119	33X	515589,5433	8562023,455	223,6725	2640	221,76	1,9125
20873,6	5120	33X	515584,5773	8562020,372	223,6252	2640	221,76	1,8652
20878,906	5121	33X	515580,0566	8562017,594	223,5942	2640	221,76	1,8342
20883,853	5122	33X	515575,8333	8562015,017	223,5819	2640	221,76	1,8219
20888,687	5123	33X	515571,703	8562012,505	223,5904	2640	221,76	1,8304
20893,654	5124	33X	515567,4615	8562009,921	223,6217	2640	221,76	1,8617
20899	5125	33X	515562,9045	8562007,127	223,6777	2640	221,76	1,9177
20904,894	5126	33X	515557,8931	8562004,026	223,7601	2640	221,76	2,0001
20911,196	5127	33X	515552,5506	8562000,685	223,1187	2645	222,18	0,9387
20917,69	5128	33X	515547,0658	8561997,21	223,2526	2645	222,18	1,0726
20924,16	5129	33X	515541,6273	8561993,709	223,4114	2645	222,18	1,2314
20930,444	5130	33X	515536,3778	8561990,26	223,5948	2640	221,76	1,8348
20936,592	5131	33X	515531,2755	8561986,836	223,8049	2635	221,34	2,4649
20942,709	5132	33X	515526,2324	8561983,383	224,0442	2630	220,92	3,1242
20948,899	5133	33X	515521,1604	8561979,844	224,3155	2620	220,08	4,2355
20955,216	5134	33X	515516,0123	8561976,196	224,618	2615	219,66	4,958
20961,509	5135	33X	515510,9035	8561972,535	224,9381	2610	219,24	5,6981
20967,58	5136	33X	515505,9902	8561968,985	225,2589	2605	218,82	6,4389
20973,226	5137	33X	515501,4283	8561965,672	225,5635	2600	218,4	7,1635
20978,321	5138	33X	515497,3143	8561962,679	225,84	2595	217,98	7,86
20983,034	5139	33X	515493,5052	8561959,915	226,0961	2585	217,14	8,9561
20987,609	5140	33X	515489,7986	8561957,246	226,3444	2575	216,3	10,0444
20992,288	5141	33X	515485,9917	8561954,537	226,5974	2565	215,46	11,1374
20997,314	5142	33X	515481,8819	8561951,655	226,8678	2560	215,04	11,8278
21002,861	5143	33X	515477,3241	8561948,509	227,1643	2550	214,2	12,9643
21008,81	5144	33X	515472,4031	8561945,181	227,4805	2540	213,36	14,1205
21014,975	5145	33X	515467,2609	8561941,796	227,8061	2530	212,52	15,2861
21021,168	5146	33X	515462,04	8561938,48	228,1309	2520	211,68	16,4509
21027,243	5147	33X	515456,8535	8561935,333	228,4468	2515	211,26	17,1868
21033,201	5148	33X	515451,6993	8561932,36	228,7549	2500	210	18,7549
21039,083	5149	33X	515446,546	8561929,54	229,0585	2485	208,74	20,3185
21044,93	5150	33X	515441,3625	8561926,851	229,361	2470	207,48	21,881
21050,781	5151	33X	515436,118	8561924,276	228,9133	2460	206,64	22,2733
21056,669	5152	33X	515430,7831	8561921,802	229,2062	2445	205,38	23,8262
21062,626	5153	33X	515425,3287	8561919,423	229,4782	2440	204,96	24,5182
21068,684	5154	33X	515419,726	8561917,13	229,7178	2440	204,96	24,7578
21074,842	5155	33X	515413,981	8561914,922	229,9165	2435	204,54	25,3765
21080,953	5156	33X	515408,2404	8561912,832	230,078	2435	204,54	25,538
21086,835	5157	33X	515402,6861	8561910,902	230,2089	2430	204,12	26,0889
21092,303	5158	33X	515397,4999	8561909,173	230,3162	2430	204,12	26,1962
21097,243	5159	33X	515392,7967	8561907,665	230,4081	2425	203,7	26,7081
21101,819	5160	33X	515388,4237	8561906,32	230,4994	2425	203,7	26,7994
21106,265	5161	33X	515384,161	8561905,061	230,6065	2425	203,7	26,9065
21110,815	5162	33X	515379,7888	8561903,81	230,7458	2420	203,28	27,4658
21115,702	5163	33X	515375,0875	8561902,489	230,9336	2420	203,28	27,6536
21121,086	5164	33X	515369,9073	8561901,041	231,1812	2420	203,28	27,9012
21126,835	5165	33X	515364,3792	8561899,491	231,4789	2415	202,86	28,6189
21132,742	5166	33X	515358,7044	8561897,886	231,8116	2415	202,86	28,9516
21138,601	5167	33X	515353,0839	8561896,271	232,1644	2415	202,86	29,3044
21144,255	5168	33X	515347,6704	8561894,678	232,5245	2415	202,86	29,6645
21149,753	5169	33X	515342,4221	8561893,081	233,6364	2415	202,86	30,7764
21155,192	5170	33X	515337,2486	8561891,44	233,997	2415	202,86	31,137
21160,672	5171	33X	515332,0598	8561889,715	234,353	2415	202,86	31,493
21166,246	5172	33X	515326,8068	8561887,883	234,7004	2415	202,86	31,8404
21171,787	5173	33X	515321,6073	8561885,998	235,0328	2415	202,86	32,1728
21177,121	5174	33X	515316,6203	8561884,132	235,3434	2415	202,86	32,4834
21182,074	5175	33X	515312,0051	8561882,356	234,8751	2415	202,86	32,0151
21186,538	5176	33X	515307,8596	8561880,717	235,1243	2415	202,86	32,2643
21190,671	5177	33X	515304,0368	8561879,162	234,6004	2420	203,28	31,3204
21194,697	5178	33X	515300,3285	8561877,611	234,8161	2420	203,28	31,5361
21198,837	5179	33X	515296,5265	8561875,987	235,7843	2420	203,28	32,5043
21203,316	5180	33X	515292,4225	8561874,209	235,2675	2420	203,28	31,9875
21208,288	5181	33X	515287,87	8561872,225	235,5256	2420	203,28	32,2456
21213,642	5182	33X	515282,9684	8561870,09	235,8073	2420	203,28	32,5273
21219,198	5183	33X	515277,879	8561867,881	236,1081	2420	203,28	32,8281
21224,777	5184	33X	515272,7628	8561865,68	236,4239	2420	203,28	33,1439
21230,244	5185	33X	515267,7388	8561863,55	236,7511	2420	203,28	33,4711
21235,646	5186	33X	515262,757	8561861,487	237,0897	2430	204,12	32,9697
21241,078	5187	33X	515257,7252	8561859,472	237,4407	2435	204,54	32,9007
21246,632	5188	33X	515252,5515	8561857,485	237,8048	2440	204,96	32,8448
21252,354	5189	33X	515247,1903	8561855,52	238,1802	2450	205,8	32,3802
21258,098	5190	33X	515241,7833	8561853,618	238,5532	2455	206,22	32,3332
21263,668	5191	33X	515236,5186	8561851,834	238,9077	2465	207,06	31,8477
21268,869	5192	33X	515231,5847	8561850,221	239,2275	2470	207,48	31,7475
21273,575	5193	33X	515227,1021	8561848,815	239,5014	2480	208,32	31,1814
21277,945	5194	33X	515222,9206	8561847,569	239,74	2485	208,74	31
21282,208	5195	33X	515218,8222	8561846,415	239,959	2495	209,58	30,379
21286,594	5196	33X	515214,589	8561845,287	240,1742	2500	210	30,1742
21291,332	5197	33X	515210,0031	8561844,119	240,4012	2505	210,42	29,9812
21296,58	5198	33X	515204,9144	8561842,861	240,6521	2515	211,26	29,3921
21302,214	5199	33X	515199,4443	8561841,54	240,9236	2520	211,68	29,2436
21308,039	5200	33X	515193,7821	8561840,199	241,2087	2530	212,52	28,6887
21313,862	5201	33X	515188,1172	8561838,884	241,5002	2535	212,94	28,5602
21319,535	5202	33X	515182,5933	8561837,626	241,7935	2540	213,36	28,4335
21325,101	5203	33X	515177,1722	8561836,4	242,0929	2550	214,2	27,8929
21330,65	5204	33X	515171,7703	8561835,173	242,4049	2555	214,62	27,7849
21336,271	5205	33X	515166,3038	8561833,908	242,7363	2565	215,46	27,2763
21342,008	5206	33X	515160,7328	8561832,582	243,09	2570	215,88	27,21
21347,723	5207	33X	515155,1928	8561831,226	243,4547	2575	216,3	27,1547
21353,23	5208	33X	515149,8631	8561829,887	243,8156	2585	217,14	26,6756
21358,345	5209	33X	515144,9228	8561828,608	244,1577	2590	217,56	26,5977
21362,95	5210	33X	515140,4856	8561827,415	244,4711	2600	218,4	26,0711
21367,204	5211	33X	515136,4023	8561826,262	244,7658	2605	218,82	25,9458
21371,331	5212	33X	515132,458	8561825,082	245,0566	2610	219,24	25,8166
21375,558	5213	33X	515128,4378	8561823,81	245,3584	2620	220,08	25,2784
21380,112	5214	33X	515124,1269	8561822,379	245,6862	2625	220,5	25,1862
21385,15	5215	33X	515119,3757	8561820,745	246,0494	2635	221,34	24,7094
21390,554	5216	33X	515114,2958	8561818,941	246,4362	2640	221,76	24,6762
21396,14	5217	33X	515109,0642	8561817,023	246,8292	2645	222,18	24,6492
21401,723	5218	33X	515103,8578	8561815,046	247,2113	2655	223,02	24,1913
21407,163	5219	33X	515098,8085	8561813,052	247,5701	2660	223,44	24,1301
21412,511	5220	33X	515093,8683	8561811,032	247,9137	2665	223,86	24,0537
21417,861	5221	33X	515088,9443	8561808,968	248,2553	2675	224,7	23,5553
21423,308	5222	33X	515083,9434	8561806,839	248,6078	2680	225,12	23,4878
21428,899	5223	33X	515078,8161	8561804,64	248,9799	2690	225,96	23,0199
21434,495	5224	33X	515073,6868	8561802,436	249,3619	2695	226,38	22,9819
21439,909	5225	33X	515068,7234	8561800,307	249,7397	2700	226,8	22,9397
21444,955	5226	33X	515064,0936	8561798,334	250,0993	2705	227,22	22,8793
21449,513	5227	33X	515059,9036	8561796,57	250,4311	2705	227,22	23,2111
21453,733	5228	33X	515056,0124	8561794,966	250,7433	2710	227,64	23,1033
21457,833	5229	33X	515052,217	8561793,447	251,049	2710	227,64	23,409
21462,029	5230	33X	515048,3147	8561791,936	252,1111	2715	228,06	24,0511
21466,539	5231	33X	515044,1027	8561790,359	252,4423	2715	228,06	24,3823
21471,515	5232	33X	515039,4383	8561788,663	252,8011	2715	228,06	24,7411
21476,852	5233	33X	515034,4199	8561786,887	253,1771	2720	228,48	24,6971
21482,379	5234	33X	515029,206	8561785,093	253,5556	2720	228,48	25,0756
21487,925	5235	33X	515023,9552	8561783,344	254,6716	2725	228,9	25,7716
21493,356	5236	33X	515018,7938	8561781,688	254,2641	2725	228,9	25,3641
21498,678	5237	33X	515013,7192	8561780,119	254,5863	2730	229,32	25,2663
21503,93	5238	33X	515008,6965	8561778,617	254,8951	2730	229,32	25,5751
21509,152	5239	33X	515003,6906	8561777,161	255,1977	2735	229,74	25,4577
21514,382	5240	33X	514998,6684	8561775,731	255,4986	2735	229,74	25,7586
21519,652	5241	33X	514993,6028	8561774,306	255,7935	2735	229,74	26,0535
21524,993	5242	33X	514988,4687	8561772,864	256,0757	2740	230,16	25,9157
21530,433	5243	33X	514983,2407	8561771,382	256,3385	2740	230,16	26,1785
21535,971	5244	33X	514977,9242	8561769,851	256,5764	2745	230,58	25,9964
21541,474	5245	33X	514972,6471	8561768,306	256,7891	2745	230,58	26,2091
21546,777	5246	33X	514967,5681	8561766,792	256,9771	2750	231	25,9771
21551,715	5247	33X	514962,8457	8561765,358	257,1412	2750	231	26,1412
21556,187	5248	33X	514958,5778	8561764,029	257,2835	2755	231,42	25,8635
21560,348	5249	33X	514954,6191	8561762,755	257,4118	2755	231,42	25,9918
21564,416	5250	33X	514950,7635	8561761,461	257,5352	2755	231,42	26,1152
21568,611	5251	33X	514946,8051	8561760,078	257,6629	2760	231,84	25,8229
21573,152	5252	33X	514942,5378	8561758,533	257,804	2760	231,84	25,964
21578,19	5253	33X	514937,8192	8561756,776	257,9638	2765	232,26	25,7038
21583,607	5254	33X	514932,7613	8561754,842	258,1323	2765	232,26	25,8723
21589,221	5255	33X	514927,5398	8561752,788	258,2959	2760	231,84	26,4559
21594,846	5256	33X	514922,3303	8561750,67	258,4409	2760	231,84	26,6009
21600,347	5257	33X	514917,2637	8561748,531	258,5569	2760	231,84	26,7169
21605,774	5258	33X	514912,2918	8561746,359	258,6484	2760	231,84	26,8084
21611,223	5259	33X	514907,3215	8561744,125	258,723	2760	231,84	26,883
21616,793	5260	33X	514902,2598	8561741,803	258,7885	2755	231,42	27,3685
21622,529	5261	33X	514897,0582	8561739,386	258,8517	2755	231,42	27,4317
21628,284	5262	33X	514891,8468	8561736,944	258,9157	2755	231,42	27,4957
21633,863	5263	33X	514886,8	8561734,568	258,9825	2755	231,42	27,5625
21639,068	5264	33X	514882,0924	8561732,348	259,0541	2755	231,42	27,6341
21643,775	5265	33X	514877,834	8561730,345	259,1324	2755	231,42	27,7124
21648,141	5266	33X	514873,8769	8561728,5	259,2188	2750	231	28,2188
21652,399	5267	33X	514870,0084	8561726,725	259,3145	2750	231	28,3145
21656,777	5268	33X	514866,0161	8561724,931	259,4207	2750	231	28,4207
21661,507	5269	33X	514861,6873	8561723,029	259,5387	2750	231	28,5387
21666,747	5270	33X	514856,8736	8561720,961	259,6692	2750	231	28,6692
21672,378	5271	33X	514851,6821	8561718,786	259,8106	2745	230,58	29,2306
21678,207	5272	33X	514846,284	8561716,591	259,9608	2745	230,58	29,3808
21684,044	5273	33X	514840,8506	8561714,464	260,1178	2745	230,58	29,5378
21689,746	5274	33X	514835,5092	8561712,476	260,2793	2745	230,58	29,6993
21695,361	5275	33X	514830,2119	8561710,62	260,4424	2745	230,58	29,8624
21700,988	5276	33X	514824,867	8561708,87	260,6042	2740	230,16	30,4442
21706,722	5277	33X	514819,3828	8561707,204	260,7617	2740	230,16	30,6017
21712,612	5278	33X	514813,7154	8561705,604	260,9124	2735	229,74	31,1724
21718,513	5279	33X	514808,0125	8561704,095	261,0558	2735	229,74	31,3158
21724,229	5280	33X	514802,4693	8561702,71	261,192	2735	229,74	31,452
21729,562	5281	33X	514797,2813	8561701,481	261,321	2730	229,32	32,001
21734,386	5282	33X	514792,5743	8561700,429	261,4422	2730	229,32	32,1222
21738,861	5283	33X	514788,1954	8561699,517	261,5521	2725	228,9	32,6521
21743,213	5284	33X	514783,9225	8561698,695	261,6468	2725	228,9	32,7468
21747,672	5285	33X	514779,5329	8561697,916	261,7222	2715	228,06	33,6622
21752,466	5286	33X	514774,8045	8561697,128	261,7743	2705	227,22	34,5543
21757,754	5287	33X	514769,5817	8561696,295	261,8012	2695	226,38	35,4212
21763,425	5288	33X	514763,9764	8561695,435	261,81	2685	225,54	36,27
21769,297	5289	33X	514758,1676	8561694,576	261,8098	2675	224,7	37,1098
21775,189	5290	33X	514752,3342	8561693,747	261,81	2665	223,86	37,95
21780,957	5291	33X	514746,6195	8561692,97	261,8184	2655	223,02	38,7984
21786,599	5292	33X	514741,025	8561692,239	261,8375	2645	222,18	39,6575
21792,152	5293	33X	514735,5165	8561691,539	262,6183	2635	221,34	41,2783
21797,651	5294	33X	514730,0602	8561690,855	262,6619	2625	220,5	42,1619
21803,132	5295	33X	514724,622	8561690,174	262,7183	2615	219,66	43,0583
21808,629	5296	33X	514719,1686	8561689,485	262,7825	2605	218,82	43,9625
21814,176	5297	33X	514713,6669	8561688,779	262,0985	2595	217,98	44,1185
21819,808	5298	33X	514708,0835	8561688,046	262,1602	2590	217,56	44,6002
21825,524	5299	33X	514702,4183	8561687,283	262,2128	2585	217,14	45,0728
21831,192	5300	33X	514696,8033	8561686,51	262,2572	2580	216,72	45,5372
21836,645	5301	33X	514691,4035	8561685,755	262,2952	2575	216,3	45,9952
21841,715	5302	33X	514686,3837	8561685,045	262,3288	2570	215,88	46,4488
21846,3	5303	33X	514681,8445	8561684,398	262,3598	2565	215,46	46,8998
21850,56	5304	33X	514677,628	8561683,792	263,1379	2560	215,04	48,0979
21854,719	5305	33X	514673,512	8561683,197	262,4125	2555	214,62	47,7925
21859,001	5306	33X	514669,274	8561682,582	262,4333	2550	214,2	48,2333
21863,631	5307	33X	514664,6917	8561681,918	262,4495	2545	213,78	48,6695
21868,765	5308	33X	514659,6106	8561681,183	262,4605	2540	213,36	49,1005
21874,285	5309	33X	514654,1473	8561680,398	262,4654	2535	212,94	49,5254
21880,003	5310	33X	514648,4864	8561679,592	262,4629	2530	212,52	49,9429
21885,733	5311	33X	514642,8123	8561678,794	262,452	2525	212,1	50,352
21891,335	5312	33X	514637,2628	8561678,03	262,4322	2520	211,68	50,7522
21896,858	5313	33X	514631,7884	8561677,3	262,4049	2515	211,26	51,1449
21902,398	5314	33X	514626,2928	8561676,6	262,3722	2510	210,84	51,5322
21908,051	5315	33X	514620,6797	8561675,926	262,3364	2505	210,42	51,9164
21913,866	5316	33X	514614,9016	8561675,275	262,2992	2500	210	52,2992
21919,695	5317	33X	514609,1053	8561674,66	262,2613	2495	209,58	52,6813
21925,342	5318	33X	514603,4864	8561674,096	262,2233	2490	209,16	53,0633
21930,612	5319	33X	514598,2404	8561673,596	262,1858	2485	208,74	53,4458
21935,38	5320	33X	514593,4918	8561673,171	262,1487	2480	208,32	53,8287
21939,806	5321	33X	514589,0805	8561672,81	262,1105	2470	207,48	54,6305
21944,123	5322	33X	514584,7755	8561672,497	262,0691	2465	207,06	55,0091
21948,562	5323	33X	514580,3457	8561672,216	261,2724	2455	206,22	55,0524
21953,355	5324	33X	514575,5598	8561671,951	261,2184	2450	205,8	55,4184
21958,663	5325	33X	514570,2584	8561671,69	261,1562	2440	204,96	56,1962
21964,36	5326	33X	514564,568	8561671,434	261,0892	2435	204,54	56,5492
21970,247	5327	33X	514558,6867	8561671,189	261,0221	2425	203,7	57,3221
21976,126	5328	33X	514552,8126	8561670,958	260,9597	2420	203,28	57,6797
21981,847	5329	33X	514547,0955	8561670,744	260,9053	2410	202,44	58,4653
21987,455	5330	33X	514541,4915	8561670,541	260,8584	2405	202,02	58,8384
21993,042	5331	33X	514535,9085	8561670,337	260,8172	2395	201,18	59,6372
21998,7	5332	33X	514530,2542	8561670,122	260,7801	2390	200,76	60,0201
22004,476	5333	33X	514524,4828	8561669,891	261,496	2380	199,92	61,576
22010,23	5334	33X	514518,7341	8561669,648	260,717	2375	199,5	61,217
22015,775	5335	33X	514513,1945	8561669,402	261,4457	2365	198,66	62,7857
22020,925	5336	33X	514508,05	8561669,162	260,685	2360	198,24	62,445
22025,563	5337	33X	514503,4181	8561668,933	261,4369	2350	197,4	64,0369
22029,847	5338	33X	514499,1408	8561668,701	261,451	2340	196,56	64,891
22034,004	5339	33X	514494,9911	8561668,451	260,7263	2335	196,14	64,5863
22038,263	5340	33X	514490,7422	8561668,165	260,7615	2325	195,3	65,4615
22042,85	5341	33X	514486,1671	8561667,827	260,8057	2320	194,88	65,9257
22047,926	5342	33X	514481,1079	8561667,424	260,8569	2310	194,04	66,8169
22053,372	5343	33X	514475,6819	8561666,959	260,91	2305	193,62	67,29
22059,002	5344	33X	514470,0755	8561666,441	260,9589	2295	192,78	68,1789
22064,631	5345	33X	514464,4751	8561665,875	260,9977	2285	191,94	69,0577
22070,12	5346	33X	514459,0197	8561665,271	261,0232	2280	191,52	69,5032
22075,518	5347	33X	514453,6597	8561664,633	261,0435	2270	190,68	70,3635
22080,921	5348	33X	514448,2983	8561663,967	261,0698	2265	190,26	70,8098
22086,424	5349	33X	514442,8386	8561663,281	261,113	2255	189,42	71,693
22092,075	5350	33X	514437,2312	8561662,582	261,1811	2245	188,58	72,6011
22097,733	5351	33X	514431,6162	8561661,892	261,2704	2240	188,16	73,1104
22103,208	5352	33X	514426,1814	8561661,236	261,3742	2230	187,32	74,0542
22108,311	5353	33X	514421,1142	8561660,64	261,4857	2220	186,48	75,0057
22112,922	5354	33X	514416,5342	8561660,119	261,5996	2210	185,64	75,9596
22117,194	5355	33X	514412,2886	8561659,667	261,7161	2200	184,8	76,9161
22121,347	5356	33X	514408,1563	8561659,265	261,8367	2190	183,96	77,8767
22125,604	5357	33X	514403,9166	8561658,898	261,963	2185	183,54	78,423
22130,188	5358	33X	514399,3485	8561658,55	262,0967	2175	182,7	79,3967
22135,25	5359	33X	514394,2994	8561658,211	261,4888	2165	181,86	79,6288
22140,67	5360	33X	514388,8905	8561657,894	261,6382	2155	181,02	80,6182
22146,259	5361	33X	514383,3111	8561657,621	261,7933	2145	180,18	81,6133
22151,825	5362	33X	514377,7508	8561657,411	261,9528	2135	179,34	82,6128
22157,227	5363	33X	514372,3532	8561657,278	262,1159	2130	178,92	83,1959
22162,505	5364	33X	514367,0785	8561657,216	262,2863	2120	178,08	84,2063
22167,745	5365	33X	514361,8412	8561657,212	262,4686	2110	177,24	85,2286
22173,035	5366	33X	514356,5558	8561657,252	262,6675	2100	176,4	86,2675
22178,416	5367	33X	514351,1795	8561657,325	263,6352	2090	175,56	88,0752
22183,76	5368	33X	514345,8408	8561657,419	263,8649	2075	174,3	89,5649
22188,896	5369	33X	514340,711	8561657,523	264,0975	2065	173,46	90,6375
22193,653	5370	33X	514335,9613	8561657,628	263,5737	2050	172,2	91,3737
22197,92	5371	33X	514331,7	8561657,723	264,5376	2040	171,36	93,1776
22201,844	5372	33X	514327,7828	8561657,805	264,7461	2025	170,1	94,6461
22205,631	5373	33X	514324,0023	8561657,871	264,2092	2015	169,26	94,9492
22209,489	5374	33X	514320,1513	8561657,917	265,1871	2005	168,42	96,7671
22213,626	5375	33X	514316,0224	8561657,942	265,4398	1990	167,16	98,2798
22218,186	5376	33X	514311,4709	8561657,941	265,7238	1980	166,32	99,4038
22223,064	5377	33X	514306,6028	8561657,913	266,0318	1965	165,06	100,9718
22228,09	5378	33X	514301,5869	8561657,854	265,6027	1955	164,22	101,3827
22233,097	5379	33X	514296,5919	8561657,761	265,9255	1945	163,38	102,5455
22237,957	5380	33X	514291,7433	8561657,631	266,2423	1935	162,54	103,7023
22242,72	5381	33X	514286,9945	8561657,466	267,3082	1925	161,7	105,6082
22247,474	5382	33X	514282,2555	8561657,264	266,8814	1915	160,86	106,0214
22252,311	5383	33X	514277,4364	8561657,029	267,2201	1910	160,44	106,7801
22257,277	5384	33X	514272,4899	8561656,762	267,5785	1900	159,6	107,9785
22262,25	5385	33X	514267,5386	8561656,478	267,9455	1890	158,76	109,1855
22267,063	5386	33X	514262,7477	8561656,193	268,3062	1880	157,92	110,3862
22271,55	5387	33X	514258,2823	8561655,922	268,6456	1870	157,08	111,5656
22275,604	5388	33X	514254,2473	8561655,678	268,9535	1860	156,24	112,7135
22279,362	5389	33X	514250,5066	8561655,456	269,2386	1855	155,82	113,4186
22283,021	5390	33X	514246,864	8561655,248	269,5145	1850	155,4	114,1145
22286,778	5391	33X	514243,1231	8561655,047	269,7948	1845	154,98	114,8148
22290,829	5392	33X	514239,0876	8561654,843	270,0931	1840	154,56	115,5331
22295,312	5393	33X	514234,6221	8561654,632	270,4199	1835	154,14	116,2799
22300,117	5394	33X	514229,8342	8561654,42	270,7741	1835	154,14	116,6341
22305,077	5395	33X	514224,8927	8561654,216	271,1513	1830	153,72	117,4313
22310,023	5396	33X	514219,9661	8561654,03	272,2975	1825	153,3	118,9975
22314,827	5397	33X	514215,1823	8561653,869	272,7086	1825	153,3	119,4086
22319,525	5398	33X	514210,5063	8561653,736	273,1326	1825	153,3	119,8326
22324,19	5399	33X	514205,8624	8561653,631	273,5676	1825	153,3	120,2676
22328,899	5400	33X	514201,1749	8561653,554	273,2618	1825	153,3	119,9618
22333,689	5401	33X	514196,4059	8561653,507	273,7111	1825	153,3	120,4111
22338,447	5402	33X	514191,669	8561653,488	274,9031	1825	153,3	121,6031
22343,02	5403	33X	514187,1153	8561653,495	275,3233	1825	153,3	122,0233
22347,257	5404	33X	514182,8963	8561653,527	275,7071	1825	153,3	122,4071
22351,061	5405	33X	514179,1073	8561653,583	276,046	1825	153,3	122,746
22354,563	5406	33X	514175,6203	8561653,664	276,3562	1830	153,72	122,6362
22357,947	5407	33X	514172,2515	8561653,77	276,6603	1830	153,72	122,9403
22361,399	5408	33X	514168,8169	8561653,903	276,9806	1830	153,72	123,2606
22365,104	5409	33X	514165,1327	8561654,064	277,3397	1835	154,14	123,1997
22369,191	5410	33X	514161,0711	8561654,252	277,7523	1835	154,14	123,6123
22373,561	5411	33X	514156,7291	8561654,457	278,204	1840	154,56	123,644
22378,06	5412	33X	514152,2598	8561654,666	278,6725	1840	154,56	124,1125
22382,532	5413	33X	514147,8162	8561654,866	279,1357	1840	154,56	124,5757
22386,861	5414	33X	514143,513	8561655,047	279,5762	1845	154,98	124,5962
22391,088	5415	33X	514139,3106	8561655,202	279,9964	1845	154,98	125,0164
22395,289	5416	33X	514135,1309	8561655,327	280,4031	1845	154,98	125,4231
22399,544	5417	33X	514130,896	8561655,418	280,0535	1850	155,4	124,6535
22403,894	5418	33X	514126,5639	8561655,47	280,4521	1850	155,4	125,0521
22408,238	5419	33X	514122,2379	8561655,488	280,8428	1855	155,82	125,0228
22412,435	5420	33X	514118,0573	8561655,476	281,2173	1865	156,66	124,5573
22416,347	5421	33X	514114,1616	8561655,439	281,5671	1870	157,08	124,4871
22419,886	5422	33X	514110,6377	8561655,38	281,8875	1875	157,5	124,3875
22423,176	5423	33X	514107,363	8561655,297	281,4388	1885	158,34	123,0988
22426,392	5424	33X	514104,1621	8561655,19	281,7349	1890	158,76	122,9749
22429,711	5425	33X	514100,8601	8561655,056	282,7898	1900	159,6	123,1898
22433,308	5426	33X	514097,2818	8561654,892	283,1174	1905	160,02	123,0974
22437,307	5427	33X	514093,3029	8561654,699	283,4771	1910	160,44	123,0371
22441,63	5428	33X	514089,003	8561654,485	283,8588	1920	161,28	122,5788
22446,143	5429	33X	514084,5125	8561654,259	284,2479	1925	161,7	122,5479
22450,715	5430	33X	514079,9619	8561654,032	283,8796	1930	162,12	121,7596
22455,241	5431	33X	514075,4555	8561653,814	284,2432	1940	162,96	121,2832
22459,722	5432	33X	514070,9927	8561653,611	284,5924	1945	163,38	121,2124
22464,185	5433	33X	514066,5468	8561653,433	284,935	1950	163,8	121,135
22468,656	5434	33X	514062,0909	8561653,286	285,2787	1960	164,64	120,6387
22473,163	5435	33X	514057,5989	8561653,176	285,6293	1965	165,06	120,5693
22477,729	5436	33X	514053,0476	8561653,105	285,9865	1980	166,32	119,6665
22482,377	5437	33X	514048,4142	8561653,074	286,3478	1990	167,16	119,1878
22487,129	5438	33X	514043,6761	8561653,084	286,7111	2000	168	118,7111
22491,979	5439	33X	514038,8395	8561653,133	287,0725	2015	169,26	117,8125
22496,806	5440	33X	514034,026	8561653,214	288,1716	2025	170,1	118,0716
22501,459	5441	33X	514029,3859	8561653,321	288,4964	2040	171,36	117,1364
22505,786	5442	33X	514025,0697	8561653,445	288,7851	2050	172,2	116,5851
22509,695	5443	33X	514021,1715	8561653,58	289,0317	2065	173,46	115,5717
22513,315	5444	33X	514017,5604	8561653,727	289,2546	2075	174,3	114,9546
22516,838	5445	33X	514014,0491	8561653,889	289,4785	2085	175,14	114,3385
22520,449	5446	33X	514010,4505	8561654,068	289,7279	2100	176,4	113,3279
22524,339	5447	33X	514006,5774	8561654,266	290,0274	2110	177,24	112,7874
22528,637	5448	33X	514002,3002	8561654,484	290,3942	2125	178,5	111,8942
22533,243	5449	33X	513997,7201	8561654,711	290,8166	2135	179,34	111,4766
22537,994	5450	33X	513992,996	8561654,932	291,2755	2150	180,6	110,6755
22542,732	5451	33X	513988,2869	8561655,135	291,7518	2170	182,28	109,4718
22547,335	5452	33X	513983,7117	8561655,307	292,2303	2185	183,54	108,6903
22551,844	5453	33X	513979,2302	8561655,449	292,7108	2205	185,22	107,4908
22556,34	5454	33X	513974,7622	8561655,563	293,1969	2220	186,48	106,7169
22560,903	5455	33X	513970,2275	8561655,652	293,6921	2240	188,16	105,5321
22565,574	5456	33X	513965,5844	8561655,718	294,197	2255	189,42	104,777
22570,241	5457	33X	513960,9442	8561655,762	294,6999	2270	190,68	104,0199
22574,755	5458	33X	513956,4568	8561655,786	294,4359	2285	191,94	102,4959
22578,964	5459	33X	513952,2719	8561655,791	295,6405	2300	193,2	102,4405
22582,776	5460	33X	513948,4824	8561655,777	296,0534	2315	194,46	101,5934
22586,325	5461	33X	513944,9539	8561655,743	296,4337	2330	195,72	100,7137
22589,804	5462	33X	513941,4948	8561655,687	296,7948	2345	196,98	99,8148
22593,403	5463	33X	513937,914	8561655,606	297,1504	2365	198,66	98,4904
22597,316	5464	33X	513934,0199	8561655,498	297,514	2380	199,92	97,594
22601,675	5465	33X	513929,6792	8561655,363	297,8945	2395	201,18	96,7145
22606,382	5466	33X	513924,9907	8561655,202	297,5318	2410	202,44	95,0918
22611,28	5467	33X	513920,1109	8561655,019	297,9108	2425	203,7	94,2108
22616,212	5468	33X	513915,1965	8561654,816	298,2668	2440	204,96	93,3068
22621,06	5469	33X	513910,3643	8561654,596	298,5884	2460	206,64	91,9484
22625,867	5470	33X	513905,5715	8561654,367	298,8781	2475	207,9	90,9781
22630,716	5471	33X	513900,7352	8561654,133	299,8924	2490	209,16	90,7324
22635,69	5472	33X	513895,7726	8561653,901	299,3872	2505	210,42	88,9672
22640,828	5473	33X	513890,6441	8561653,676	299,6177	2520	211,68	87,9377
22645,999	5474	33X	513885,4823	8561653,466	299,8338	2535	212,94	86,8938
22651,026	5475	33X	513880,4631	8561653,275	300,0343	2550	214,2	85,8343
22655,733	5476	33X	513875,7622	8561653,11	300,2179	2565	215,46	84,7579
22660,009	5477	33X	513871,492	8561652,976	300,3848	2580	216,72	83,6648
22663,994	5478	33X	513867,5109	8561652,872	300,5405	2595	217,98	82,5605
22667,895	5479	33X	513863,6139	8561652,795	300,692	2610	219,24	81,452
22671,916	5480	33X	513859,5959	8561652,742	300,8463	2625	220,5	80,3463
22676,264	5481	33X	513855,2518	8561652,712	301,0103	2640	221,76	79,2503
22681,081	5482	33X	513850,4378	8561652,703	301,1897	2650	222,6	78,5897
22686,268	5483	33X	513845,2545	8561652,719	301,3858	2655	223,02	78,3658
22691,663	5484	33X	513839,8637	8561652,765	301,5984	2665	223,86	77,7384
22697,105	5485	33X	513834,4274	8561652,846	301,8275	2670	224,28	77,5475
22702,463	5486	33X	513829,0764	8561652,964	302,0718	2680	225,12	76,9518
22707,729	5487	33X	513823,8181	8561653,113	303,0747	2685	225,54	77,5347
22712,927	5488	33X	513818,6288	8561653,283	304,0783	2695	226,38	77,6983
22718,08	5489	33X	513813,4852	8561653,465	304,3249	2700	226,8	77,5249
22723,212	5490	33X	513808,3625	8561653,649	304,5585	2710	227,64	76,9185
22728,35	5491	33X	513803,232	8561653,829	304,7803	2710	227,64	77,1403
22733,526	5492	33X	513798,0636	8561653,999	304,9936	2715	228,06	76,9336
22738,768	5493	33X	513792,8275	8561654,151	305,2013	2715	228,06	77,1413
22744,077	5494	33X	513787,5244	8561654,281	305,4055	2715	228,06	77,3455
22749,328	5495	33X	513782,2774	8561654,387	305,6031	2720	228,48	77,1231
22754,37	5496	33X	513777,2403	8561654,469	305,7901	2720	228,48	77,3101
22759,047	5497	33X	513772,5667	8561654,526	305,9622	2720	228,48	77,4822
22763,266	5498	33X	513768,3506	8561654,558	306,1162	2710	227,64	78,4762
22767,172	5499	33X	513764,4464	8561654,562	306,2523	2700	226,8	79,4523
22770,972	5500	33X	513760,6487	8561654,537	306,3718	2685	225,54	80,8318
22774,87	5501	33X	513756,7522	8561654,479	306,4758	2675	224,7	81,7758
22779,073	5502	33X	513752,5514	8561654,388	306,5654	2665	223,86	82,7054
22783,724	5503	33X	513747,9025	8561654,26	306,642	2650	222,6	84,042
22788,722	5504	33X	513742,9077	8561654,101	306,7069	2625	220,5	86,2069
22793,903	5505	33X	513737,7308	8561653,914	306,7617	2600	218,4	88,3617
22799,102	5506	33X	513732,5356	8561653,704	306,808	2575	216,3	90,508
22804,2	5507	33X	513727,4435	8561653,475	306,0978	2545	213,78	92,3178
22809,242	5508	33X	513722,4067	8561653,234	306,1352	2520	211,68	94,4552
22814,32	5509	33X	513717,3349	8561652,987	306,1747	2495	209,58	96,5947
22819,523	5510	33X	513712,1379	8561652,742	306,2209	2465	207,06	99,1609
22824,895	5511	33X	513706,7714	8561652,505	306,2769	2440	204,96	101,3169
22830,297	5512	33X	513701,3748	8561652,283	306,3397	2415	202,86	103,4797
22835,542	5513	33X	513696,1334	8561652,086	306,4048	2390	200,76	105,6448
22840,447	5514	33X	513691,2323	8561651,922	306,4678	2360	198,24	108,2278
22844,891	5515	33X	513686,7906	8561651,798	306,5251	2335	196,14	110,3851
22849,021	5516	33X	513682,6617	8561651,716	306,5767	2310	194,04	112,5367
22853,05	5517	33X	513678,6329	8561651,676	306,6233	2280	191,52	115,1033
22857,191	5518	33X	513674,4915	8561651,679	306,6657	2260	189,84	116,8257
22861,659	5519	33X	513670,0247	8561651,725	306,7046	2240	188,16	118,5446
22866,601	5520	33X	513665,0835	8561651,817	306,7415	2225	186,9	119,8415
22871,912	5521	33X	513659,7744	8561651,956	306,7792	2205	185,22	121,5592
22877,422	5522	33X	513654,2677	8561652,147	306,8214	2185	183,54	123,2814
22882,962	5523	33X	513648,7337	8561652,392	307,6215	2165	181,86	125,7615
22888,395	5524	33X	513643,3094	8561652,693	307,6817	2145	180,18	127,5017
22893,717	5525	33X	513637,9987	8561653,046	307,7481	2125	178,5	129,2481
22898,96	5526	33X	513632,7722	8561653,445	307,8154	2105	176,82	130,9954
22904,15	5527	33X	513627,6004	8561653,883	307,8784	2085	175,14	132,7384
22909,319	5528	33X	513622,4536	8561654,354	307,9342	2075	174,3	133,6342
22914,495	5529	33X	513617,3011	8561654,849	307,9903	2065	173,46	134,5303
22919,71	5530	33X	513612,1117	8561655,356	308,0565	2055	172,62	135,4365
22924,993	5531	33X	513606,8545	8561655,868	308,1427	2045	171,78	136,3627
22930,343	5532	33X	513601,5297	8561656,372	308,2546	2035	170,94	137,3146
22935,634	5533	33X	513596,2624	8561656,857	308,3812	2025	170,1	138,2812
22940,708	5534	33X	513591,2093	8561657,308	308,5074	2025	170,1	138,4074
22945,41	5535	33X	513586,5267	8561657,714	308,6181	2020	169,68	138,9381
22949,641	5536	33X	513582,3112	8561658,064	308,7023	2015	169,26	139,4423
22953,545	5537	33X	513578,4188	8561658,367	308,7656	2015	169,26	139,5056
22957,329	5538	33X	513574,6456	8561658,636	308,818	2010	168,84	139,978
22961,195	5539	33X	513570,7876	8561658,882	308,869	2005	168,42	140,449
22965,349	5540	33X	513566,6409	8561659,12	308,9287	2005	168,42	140,5087
22969,934	5541	33X	513562,0625	8561659,356	309,0054	2000	168	141,0054
22974,849	5542	33X	513557,1535	8561659,58	309,852	1995	167,58	142,272
22979,932	5543	33X	513552,076	8561659,778	309,9701	1990	167,16	142,8101
22985,02	5544	33X	513546,992	8561659,935	310,1112	1985	166,74	143,3712
22989,993	5545	33X	513542,0224	8561660,041	310,2757	1980	166,32	143,9557
22994,897	5546	33X	513537,1228	8561660,105	309,7086	1970	165,48	144,2286
22999,816	5547	33X	513532,2075	8561660,143	309,9039	1965	165,06	144,8439
23004,837	5548	33X	513527,1909	8561660,169	310,8555	1960	164,64	146,2155
23010,001	5549	33X	513522,0307	8561660,195	311,0571	1955	164,22	146,8371
23015,178	5550	33X	513516,858	8561660,223	310,5025	1945	163,38	147,1225
23020,192	5551	33X	513511,8474	8561660,254	310,6852	1940	162,96	147,7252
23024,869	5552	33X	513507,1732	8561660,285	310,849	1935	162,54	148,309
23029,098	5553	33X	513502,9467	8561660,32	311,7416	1930	162,12	149,6216
23033,021	5554	33X	513499,0262	8561660,368	311,8771	1920	161,28	150,5971
23036,844	5555	33X	513495,2066	8561660,44	311,2739	1915	160,86	150,4139
23040,773	5556	33X	513491,2828	8561660,547	312,2004	1905	160,02	152,1804
23045,015	5557	33X	513487,0499	8561660,702	312,4249	1900	159,6	152,8249
23049,712	5558	33X	513482,3663	8561660,912	312,7099	1890	158,76	153,9499
23054,752	5559	33X	513477,3447	8561661,178	313,0451	1880	157,92	155,1251
23059,958	5560	33X	513472,161	8561661,494	313,414	1875	157,5	155,914
23065,155	5561	33X	513466,9913	8561661,857	313,8004	1865	156,66	157,1404
23070,209	5562	33X	513461,9689	8561662,265	314,1912	1855	155,82	158,3712
23075,158	5563	33X	513457,0562	8561662,717	314,5859	1845	154,98	159,6059
23080,084	5564	33X	513452,1725	8561663,214	314,987	1840	154,56	160,427
23085,066	5565	33X	513447,2373	8561663,759	315,3971	1830	153,72	161,6771
23090,144	5566	33X	513442,2103	8561664,347	315,8166	1820	152,88	162,9366
23095,197	5567	33X	513437,2119	8561664,957	316,2376	1815	152,46	163,7776
23100,062	5568	33X	513432,4024	8561665,561	316,65	1805	151,62	165,03
23104,576	5569	33X	513427,9423	8561666,135	317,0439	1795	150,78	166,2639
23108,636	5570	33X	513423,9332	8561666,657	317,4129	1790	150,36	167,0529
23112,376	5571	33X	513420,2408	8561667,138	317,7669	1785	149,94	167,8269
23115,992	5572	33X	513416,6719	8561667,598	318,1193	1775	149,1	169,0193
23119,677	5573	33X	513413,0335	8561668,053	318,4836	1770	148,68	169,8036
23123,625	5574	33X	513409,1322	8561668,522	318,8736	1765	148,26	170,6136
23127,975	5575	33X	513404,8312	8561669,016	319,2975	1760	147,84	171,4575
23132,637	5576	33X	513400,2188	8561669,52	319,7435	1750	147	172,7435
23137,462	5577	33X	513395,4394	8561670,012	320,1945	1745	146,58	173,6145
23142,306	5578	33X	513390,6374	8561670,469	320,6334	1725	144,9	175,7334
23147,052	5579	33X	513385,9273	8561670,873	321,0483	1705	143,22	177,8283
23151,707	5580	33X	513381,3028	8561671,228	321,4474	1680	141,12	180,3274
23156,31	5581	33X	513376,7277	8561671,54	321,8443	1660	139,44	182,4043
23160,898	5582	33X	513372,1655	8561671,814	322,2522	1640	137,76	184,4922
23165,51	5583	33X	513367,5803	8561672,059	322,681	1620	136,08	186,601
23170,179	5584	33X	513362,9377	8561672,279	323,1263	1595	133,98	189,1463
23174,939	5585	33X	513358,2033	8561672,479	323,5803	1575	132,3	191,2803
23179,824	5586	33X	513353,3431	8561672,664	324,035	1555	130,62	193,415
23184,836	5587	33X	513348,3549	8561672,838	324,4824	1535	128,94	195,5424
23189,848	5588	33X	513343,3643	8561673,003	324,9154	1510	126,84	198,0754
23194,703	5589	33X	513338,529	8561673,161	325,3266	1490	125,16	200,1666
23199,244	5590	33X	513334,0067	8561673,312	325,7088	1470	123,48	202,2288
23203,372	5591	33X	513329,8961	8561673,46	325,3086	1450	121,8	203,5086
23207,225	5592	33X	513326,0601	8561673,614	326,3878	1425	119,7	206,6878
23211,001	5593	33X	513322,3026	8561673,788	325,9619	1405	118,02	207,9419
23214,895	5594	33X	513318,4277	8561673,993	327,0466	1385	116,34	210,7066
23219,107	5595	33X	513314,2392	8561674,242	327,4075	1360	114,24	213,1675
23223,771	5596	33X	513309,6019	8561674,543	327,8058	1340	112,56	215,2458
23228,78	5597	33X	513304,6235	8561674,892	328,2345	1330	111,72	216,5145
23233,965	5598	33X	513299,4725	8561675,282	328,6825	1325	111,3	217,3825
23239,157	5599	33X	513294,3174	8561675,705	329,1383	1315	110,46	218,6783
23244,231	5600	33X	513289,2846	8561676,155	329,5926	1305	109,62	219,9726
23249,227	5601	33X	513284,3321	8561676,634	329,2934	1295	108,78	220,5134
23254,23	5602	33X	513279,3758	8561677,147	330,4904	1285	107,94	222,5504
23259,323	5603	33X	513274,3317	8561677,697	330,9334	1275	107,1	223,8334
23264,548	5604	33X	513269,1582	8561678,283	331,3713	1265	106,26	225,1113
23269,775	5605	33X	513263,984	8561678,888	331,7983	1260	105,84	225,9583
23274,831	5606	33X	513258,9804	8561679,492	332,2076	1250	105	227,2076
23279,544	5607	33X	513254,3189	8561680,072	332,5926	1240	104,16	228,4326
23283,805	5608	33X	513250,1079	8561680,614	332,9502	1230	103,32	229,6302
23287,758	5609	33X	513246,2047	8561681,133	333,2929	1220	102,48	230,8129
23291,609	5610	33X	513242,4037	8561681,65	333,6369	1210	101,64	231,9969
23295,566	5611	33X	513238,4997	8561682,186	333,9984	1205	101,22	232,7784
23299,837	5612	33X	513234,2869	8561682,764	334,3936	1195	100,38	234,0136
23304,564	5613	33X	513229,6232	8561683,397	334,8333	1185	99,54	235,2933
23309,636	5614	33X	513224,619	8561684,074	335,3066	1175	98,7	236,6066
23314,877	5615	33X	513219,448	8561684,776	335,7973	1165	97,86	237,9373
23320,113	5616	33X	513214,2839	8561685,484	336,2889	1155	97,02	239,2689
23325,211	5617	33X	513209,2562	8561686,181	336,768	1150	96,6	240,168
23330,217	5618	33X	513204,3174	8561686,857	337,2318	1140	95,76	241,4718
23335,221	5619	33X	513199,3757	8561687,503	337,6806	1130	94,92	242,7606
23340,313	5620	33X	513194,3393	8561688,111	338,1145	1120	94,08	244,0345
23345,539	5621	33X	513189,1606	8561688,671	338,5332	1110	93,24	245,2932
23350,771	5622	33X	513183,968	8561689,178	338,9348	1100	92,4	246,5348
23355,839	5623	33X	513178,9343	8561689,622	339,317	1095	91,98	247,337
23360,57	5624	33X	513174,232	8561689,998	339,6775	1085	91,14	248,5375
23364,856	5625	33X	513169,9705	8561690,302	340,0168	1075	90,3	249,7168
23368,841	5626	33X	513166,0062	8561690,549	340,3458	1065	89,46	250,8858
23372,735	5627	33X	513162,1323	8561690,757	340,6783	1055	88,62	252,0583
23376,745	5628	33X	513158,142	8561690,947	341,028	1045	87,78	253,248
23381,08	5629	33X	513153,8284	8561691,136	341,4087	1030	86,52	254,8887
23385,885	5630	33X	513149,0462	8561691,342	341,8292	1015	85,26	256,5692
23391,06	5631	33X	513143,8957	8561691,572	341,5285	1005	84,42	257,1085
23396,443	5632	33X	513138,5389	8561691,833	341,9908	990	83,16	258,8308
23401,872	5633	33X	513133,1375	8561692,129	343,2003	980	82,32	260,8803
23407,217	5634	33X	513127,8217	8561692,465	343,644	965	81,06	262,584
23412,475	5635	33X	513122,5948	8561692,845	344,0711	950	79,8	264,2711
23417,676	5636	33X	513117,4279	8561693,272	344,4836	940	78,96	265,5236
23422,848	5637	33X	513112,2927	8561693,748	344,8836	925	77,7	267,1836
23428,023	5638	33X	513107,1601	8561694,278	345,2764	915	76,86	268,4164
23433,233	5639	33X	513101,9999	8561694,868	345,6818	900	75,6	270,0818
23438,511	5640	33X	513096,7813	8561695,526	346,1227	890	74,76	271,3627
23443,892	5641	33X	513091,4738	8561696,26	346,6223	875	73,5	273,1223
23449,378	5642	33X	513086,0787	8561697,07	347,1944	860	72,24	274,9544
23454,835	5643	33X	513080,7256	8561697,926	347,8165	850	71,4	276,4165
23460,095	5644	33X	513075,5762	8561698,789	348,4568	835	70,14	278,3168
23464,991	5645	33X	513070,7923	8561699,622	349,0836	840	70,56	278,5236
23469,418	5646	33X	513066,4743	8561700,399	349,6743	845	70,98	278,6943
23473,522	5647	33X	513062,4778	8561701,138	350,2422	850	71,4	278,8422
23477,511	5648	33X	513058,5975	8561701,869	350,8098	860	72,24	278,5698
23481,595	5649	33X	513054,6278	8561702,623	351,3994	865	72,66	278,7394
23485,981	5650	33X	513050,3631	8561703,431	352,0337	870	73,08	278,9537
23490,814	5651	33X	513045,6616	8561704,311	352,7267	880	73,92	278,8067
23495,978	5652	33X	513040,6353	8561705,242	353,4607	890	74,76	278,7007
23501,293	5653	33X	513035,4601	8561706,19	354,2094	900	75,6	278,6094
23506,576	5654	33X	513030,3115	8561707,121	354,9469	910	76,44	278,5069
23511,694	5655	33X	513025,3212	8561708,009	355,6534	915	76,86	278,7934
23516,69	5656	33X	513020,4444	8561708,851	356,3353	925	77,7	278,6353
23521,653	5657	33X	513015,5922	8561709,651	357,0053	935	78,54	278,4653
23526,673	5658	33X	513010,6757	8561710,412	357,6762	945	79,38	278,2962
23531,798	5659	33X	513005,6478	8561711,134	358,3545	950	79,8	278,5545
23536,905	5660	33X	513000,629	8561711,808	359,0224	950	79,8	279,2224
23541,832	5661	33X	512995,7817	8561712,421	359,6558	955	80,22	279,4358
23546,414	5662	33X	512991,2682	8561712,958	360,2306	960	80,64	279,5906
23550,547	5663	33X	512987,1901	8561713,412	360,7316	960	80,64	280,0916
23554,377	5664	33X	512983,4064	8561713,797	361,1793	965	81,06	280,1193
23558,108	5665	33X	512979,7152	8561714,135	361,6029	970	81,48	280,1229
23561,945	5666	33X	512975,9146	8561714,444	362,0318	975	81,9	280,1318
23566,094	5667	33X	512971,8029	8561714,746	362,4953	975	81,9	280,5953
23570,696	5668	33X	512967,2401	8561715,054	362,2626	980	82,32	279,9426
23575,643	5669	33X	512962,3337	8561715,364	363,5633	985	82,74	280,8233
23580,762	5670	33X	512957,2531	8561715,664	364,117	990	83,16	280,957
23585,882	5671	33X	512952,1677	8561715,942	364,6433	990	83,16	281,4833
23590,874	5672	33X	512947,205	8561716,191	365,1195	985	82,74	282,3795
23595,779	5673	33X	512942,3248	8561716,422	365,5545	985	82,74	282,8145
23600,682	5674	33X	512937,4449	8561716,647	365,9653	985	82,74	283,2253
23605,665	5675	33X	512932,4832	8561716,882	366,3685	985	82,74	283,6285
23610,772	5676	33X	512927,3991	8561717,135	366,7761	985	82,74	284,0361
23615,876	5677	33X	512922,3183	8561717,403	367,1801	985	82,74	284,4401
23620,809	5678	33X	512917,4081	8561717,677	367,5679	985	82,74	284,8279
23625,403	5679	33X	512912,8358	8561717,949	367,9267	985	82,74	285,1867
23629,552	5680	33X	512908,7078	8561718,214	368,2485	985	82,74	285,5085
23633,394	5681	33X	512904,8875	8561718,488	368,5444	985	82,74	285,8044
23637,127	5682	33X	512901,1773	8561718,791	368,8304	980	82,32	286,5104
23640,952	5683	33X	512897,3797	8561719,144	369,1222	975	81,9	287,2222
23645,069	5684	33X	512893,2973	8561719,566	369,4359	970	81,48	287,9559
23649,616	5685	33X	512888,7914	8561720,072	369,7828	965	81,06	288,7228
23654,497	5686	33X	512883,9589	8561720,649	370,1564	960	80,64	289,5164
23659,555	5687	33X	512878,9554	8561721,281	370,5458	955	80,22	290,3258
23664,633	5688	33X	512873,9369	8561721,948	370,9401	955	80,22	290,7201
23669,606	5689	33X	512869,0277	8561722,635	371,3305	950	79,8	291,5305
23674,472	5690	33X	512864,2272	8561723,329	371,7177	945	79,38	292,3377
23679,261	5691	33X	512859,5037	8561724,021	372,1046	940	78,96	293,1446
23684,005	5692	33X	512854,8252	8561724,7	372,494	935	78,54	293,954
23688,732	5693	33X	512850,1606	8561725,356	372,8887	930	78,12	294,7687
23693,47	5694	33X	512845,4814	8561725,983	373,2902	925	77,7	295,5902
23698,246	5695	33X	512840,7597	8561726,572	374,4499	920	77,28	297,1699
23703,087	5696	33X	512835,9678	8561727,12	374,8692	915	76,86	298,0092
23707,992	5697	33X	512831,1064	8561727,617	375,2972	910	76,44	298,8572
23712,847	5698	33X	512826,2906	8561728,06	375,7248	905	76,02	299,7048
23717,508	5699	33X	512821,6641	8561728,443	376,1405	905	76,02	300,1205
23721,831	5700	33X	512817,3706	8561728,76	376,5331	905	76,02	300,5131
23725,729	5701	33X	512813,4981	8561729,007	376,8952	905	76,02	300,8752
23729,336	5702	33X	512809,9117	8561729,187	377,2356	900	75,6	301,6356
23732,844	5703	33X	512806,4211	8561729,304	377,5673	900	75,6	301,9673
23736,446	5704	33X	512802,8355	8561729,362	377,903	900	75,6	302,303
23740,332	5705	33X	512798,9647	8561729,364	378,2558	900	75,6	302,6558
23744,639	5706	33X	512794,6755	8561729,314	378,6348	900	75,6	303,0348
23749,268	5707	33X	512790,0649	8561729,209	379,0354	895	75,18	303,8554
23754,066	5708	33X	512785,2873	8561729,046	379,4493	895	75,18	304,2693
23758,88	5709	33X	512780,4971	8561728,822	379,8681	895	75,18	304,6881
23763,594	5710	33X	512775,8104	8561728,536	380,2876	895	75,18	305,1076
23768,247	5711	33X	512771,1898	8561728,197	380,7186	890	74,76	305,9586
23772,915	5712	33X	512766,5595	8561727,817	381,176	890	74,76	306,416
23777,675	5713	33X	512761,8437	8561727,405	381,6747	885	74,34	307,3347
23782,563	5714	33X	512757,0062	8561726,976	382,2234	880	73,92	308,3034
23787,453	5715	33X	512752,1695	8561726,547	382,8076	875	73,5	309,3076
23792,183	5716	33X	512747,4955	8561726,138	383,4065	870	73,08	310,3265
23796,588	5717	33X	512743,1463	8561725,771	383,9994	870	73,08	310,9194
23800,562	5718	33X	512739,2264	8561725,459	384,5717	865	72,66	311,9117
23804,23	5719	33X	512735,6104	8561725,199	385,1333	860	72,24	312,8933
23807,777	5720	33X	512732,1157	8561724,982	385,7	855	71,82	313,88
23811,386	5721	33X	512728,5595	8561724,799	386,2878	855	71,82	314,4678
23815,241	5722	33X	512724,7589	8561724,639	386,9124	845	70,98	315,9324
23819,471	5723	33X	512720,5853	8561724,499	387,5847	840	70,56	317,0247
23823,988	5724	33X	512716,126	8561724,385	388,2953	835	70,14	318,1553
23828,65	5725	33X	512711,5225	8561724,311	389,0297	825	69,3	319,7297
23833,316	5726	33X	512706,9162	8561724,288	389,7733	820	68,88	320,8933
23837,874	5727	33X	512702,4194	8561724,324	390,5138	815	68,46	322,0538
23842,327	5728	33X	512698,0281	8561724,413	391,2477	805	67,62	323,6277
23846,709	5729	33X	512693,709	8561724,544	391,9736	800	67,2	324,7736
23851,051	5730	33X	512689,4289	8561724,706	392,69	790	66,36	326,33
23855,387	5731	33X	512685,1555	8561724,887	393,3969	780	65,52	327,8769
23859,743	5732	33X	512680,8598	8561725,078	394,0988	770	64,68	329,4188
23864,15	5733	33X	512676,5137	8561725,264	394,8016	760	63,84	330,9616
23868,634	5734	33X	512672,0891	8561725,436	395,5111	755	63,42	332,0911
								0
								0
								0
								0
								0
								0
								0
								0
								0
								0
								0
								0
								0
								0
								0
								0
								0
								0
								0
								0
								0
								0
								0
								0
								0
								0
								0
								0
								0
								0
								0
								0
								0
								0
								0
								0
								0
								0
								0
								0
								0
								0
								0
								0
								0
								0
								0
								0
								0
								0
								0
								0
								0
								0
								0
								0
								0
								0
								0
								0
								0
								0
								0
								0
								0
								0
								0
								0
								0
								0
								0
								0
								0
								0
								0
								0
								0
								0
								0
								0
								0
								0
								0
								0
								0
								0
								0
								0
								0
								0
								0
								0
								0
								0
								0
								0
								0
								0
								0
								0
								0
								0
								0
								0
								0
								0
								0
								0
								0
								0
								0
								0
								0
								0
								0
								0
								0
								0
								0
								0
								0
								0
								0
								0
								0
								0
								0
								0
								0
								0
								0
								0
								0
								0
								0
								0
								0
								0
								0
								0
								0
								0
								0
								0
								0
								0
								0
								0
								0
								0
								0
								0
								0
								0
								0
								0
								0
								0
								0
								0
								0
								0
								0
								0
								0
								0
								0
								0
								0
								0
								0
								0
								0
								0
								0
								0
								0
								0
								0
								0
								0
								0
								0
								0
								0
								0
								0
								0
								0
								0
								0
								0
								0
								0
								0
								0
								0
								0
								0
								0
								0
								0
								0
								0
								0
								0
								0
								0
								0
								0
								0
								0
								0
								0
								0
								0
								0
								0
								0
								0
								0
								0
								0
								0
								0
								0
								0
								0
								0
								0
								0
								0
								0
								0
								0
								0
								0
								0
								0
								0
								0
								0
								0
								0
								0
								0
								0
								0
								0
								0
								0
								0
								0
								0
								0
								0
								0
								0
								0
								0
								0
								0
								0
								0
								0
								0
								0
								0
								0
								0
								0
								0
								0
								0
								0
								0
								0
								0
								0
								0
								0
								0
								0
								0
								0
								0
								0
								0
								0
								0
								0
								0
								0
								0
								0
								0
								0
								0
								0
								0
								0
								0
								0
								0
								0
								0
								0
								0
								0
								0
								0
								0
								0
								0
								0
								0
								0
								0
								0
								0
								0
								0
								0
								0
								0
								0
								0
								0
								0
								0
								0
								0
								0
								0
								0
								0
								0
								0
								0
								0
								0
								0
								0
								0
								0
								0
								0
								0
								0
								0
								0
								0
								0
								0
								0
								0
								0
								0
								0
								0
								0
								0
								0
								0
								0
								0
								0
								0
								0
								0
								0
								0
								0
								0
								0
								0
								0
								0
								0
								0
								0
								0
								0
								0
								0
								0
								0
								0
								0
								0
								0
								0
								0
								0
								0
								0
								0
								0
								0
								0
								0
								0
								0
								0
								0
								0
								0
								0
								0
								0
								0
								0
								0
								0
								0
								0
								0
								0
								0
								0
								0
								0
								0
								0
								0
								0
								0
								0
								0
								0
								0
								0
								0
								0
								0
								0
								0
								0
								0
								0
								0
								0
								0
								0
								0
								0
								0
								0
								0
								0
								0
								0
								0
								0
								0
								0
								0
								0
								0
								0
								0
								0
								0
								0
								0
								0
								0
								0
								0
								0
								0
								0
								0
								0
								0
								0
								0
								0
								0
								0
								0
								0
								0
								0
								0
								0
								0
								0
								0
								0
								0
								0
								0
								0
								0
								0
								0
								0
								0
								0
								0
								0
								0
								0
								0
								0
								0
								0
								0
								0
								0
								0
								0
								0
								0
								0
								0
								0
								0
								0
								0
								0
								0
								0
								0
								0
								0
								0
								0
								0
								0
								0
								0
								0
								0
								0
								0
								0
								0
								0
								0
								0
								0
								0
								0
								0
								0
								0
								0
								0
								0
								0
								0
								0
								0
								0
								0
								0
								0
								0
								0
								0
								0
								0
								0
								0
								0
								0
								0
								0
								0
								0
								0
								0
								0
								0
								0
								0
								0
								0
								0
								0
								0
								0
								0
								0
								0
								0
								0
								0
								0
								0
								0
								0
								0
								0
								0
								0
								0
								0
								0
								0
								0
								0
								0
								0
								0
								0
								0
								0
								0
								0
								0
								0
								0
								0
								0
								0
								0
								0
								0
								0
								0
								0
								0
								0
								0
								0
								0
								0
								0
								0
								0
								0
								0
								0
								0
								0
								0
								0
								0
								0
								0
								0
								0
								0
								0
								0
								0
								0
								0
								0
								0
								0
								0
								0
								0
								0
								0
								0
								0
								0
								0
								0
								0
								0
								0
								0
								0
								0
								0
								0
								0
								0
								0
								0
								0
								0
								0
								0
								0
								0
								0
								0
								0
								0
								0
								0
								0
								0
								0
								0
								0
								0
								0
								0
								0
								0
								0
								0
								0
								0
								0
								0
								0
								0
								0
								0
								0
								0
								0
								0
								0
								0
								0
								0
								0
								0
								0
								0
								0
								0
								0
								0
								0
								0
								0
								0
								0
								0
								0
								0
								0
								0
								0
								0
								0
								0
								0
								0
								0
								0
								0
								0
								0
								0
								0
								0
								0
								0
								0
								0
								0
								0
								0
								0
								0
								0
								0
								0
								0
								0
								0
								0
								0
								0
								0
								0
								0
								0
								0
								0
								0
								0
								0
								0
								0
								0
								0
								0
								0
								0
								0
								0
								0
								0
								0
								0
								0
								0
								0
								0
								0
								0
								0
								0
								0
								0
								0
								0
								0
								0
								0
								0
								0
								0
								0
								0
								0
								0
								0
								0
								0
								0
								0
								0
								0
								0
								0
								0
								0
								0
								0
								0
								0
								0
								0
								0
								0
								0
								0
								0
								0
								0
								0
								0
								0
								0
								0
								0
								0
								0
								0
								0
								0
								0
								0
								0
								0
								0
								0
								0
								0
								0
								0
								0
								0
								0
								0
								0
								0
								0
								0
								0
								0
								0
								0
								0
								0
								0
								0
								0
								0
								0
								0
								0
								0
								0
								0
								0
								0
								0
								0
								0
								0
								0
								0
								0
								0
								0
								0
								0
								0
								0
								0
								0
								0
								0
								0
								0
								0
								0
								0
								0
								0
								0
								0
								0
								0
								0
								0
								0
								0
								0
								0
								0
								0
								0
								0
								0
								0
								0
								0
								0
								0
								0
								0
								0
								0
								0
								0
								0
								0
								0
								0
								0
								0
								0
								0
								0
								0
								0
								0
								0
								0
								0
								0
								0
								0
								0
								0
								0
								0
								0
								0
								0
								0
								0
								0
								0
								0
								0
								0
								0
								0
								0
								0
								0
								0
								0
								0
								0
								0
								0
								0
								0
								0
								0
								0
								0
								0
								0
								0
								0
								0
								0
								0
								0
								0
								0
								0
								0
								0
								0
								0
								0
								0
								0
								0
								0
								0
								0
								0
								0
								0
								0
								0
								0
								0
								0
								0
								0
								0
								0
								0
								0
								0
								0
								0
								0
								0
								0
								0
								0
								0
								0
								0
								0
								0
								0
								0
								0
								0
								0
								0
								0
								0
								0
								0
								0
								0
								0
								0
								0
								0
								0
								0
								0
								0
								0
								0
								0
								0
								0
								0
								0
								0
								0
								0
								0
								0
								0
								0
								0
								0
								0
								0
								0
								0
								0
								0
								0
								0
								0
								0
								0
								0
								0
								0
								0
								0
								0
								0
								0
								0
								0
								0
								0
								0
								0
								0
								0
								0
								0
								0
								0
								0
								0
								0
								0
								0
								0
								0
								0
								0
								0
								0
								0
								0
								0
								0
								0
								0
								0
								0
								0
								0
								0
								0
								0
								0
								0
								0
								0
								0
								0
								0
								0
								0
								0
								0
								0
								0
								0
								0
								0
								0
								0
								0
								0
								0
								0
								0
								0
								0
								0
								0
								0
								0
								0
								0
								0
								0
								0
								0
								0
								0
								0
								0
								0
								0
								0
								0
								0
								0
								0
								0
								0
								0
								0
								0
								0
								0
								0
								0
								0
								0
								0
								0
								0
								0
								0
								0
								0
								0
								0
								0
								0
								0
								0
								0
								0
								0
								0
								0
								0
								0
								0
								0
								0
								0
								0
								0
								0
								0
								0
								0
								0
								0
								0
								0
								0
								0
								0
								0
								0
								0
								0
								0
								0
								0
								0
								0
								0
								0
								0
								0
								0
								0
								0
								0
								0
								0
								0
								0
								0
								0
								0
								0
								0
								0
								0
								0
								0
								0
								0
								0
								0
								0
								0
								0
								0
								0
								0
								0
								0
								0
								0
								0
								0
								0
								0
								0
								0
								0
								0
								0
								0
								0
								0
								0
								0
								0
								0
								0
								0
								0
								0
								0
								0
								0
								0
								0
								0
								0
								0
								0
								0
								0
								0
								0
								0
								0
								0
								0
								0
								0
								0
								0
								0
								0
								0
								0
								0
								0
								0
								0
								0
								0
								0
								0
								0
								0
								0
								0
								0
								0
								0
								0
								0
								0
								0
								0
								0
								0
								0
								0
								0
								0
								0
								0
								0
								0
								0
								0
								0
								0
								0
								0
								0
								0
								0
								0
								0
								0
								0
								0
								0
								0
								0
								0
								0
								0
								0
								0
								0
								0
								0
								0
								0
								0
								0
								0
								0
								0
								0
								0
								0
								0
								0
								0
								0
								0
								0
								0
								0
								0
								0
								0
								0
								0
								0
								0
								0
								0
								0
								0
								0
								0
								0
								0
								0
								0
								0
								0
								0
								0
								0
								0
								0
								0
								0
								0
								0
								0
								0
								0
								0
								0
								0
								0
								0
								0
								0
								0
								0
								0
								0
								0
								0
								0
								0
								0
								0
								0
								0
								0
								0
								0
								0
								0
								0
								0
								0
								0
								0
								0
								0
								0
								0
								0
								0
								0
								0
								0
								0
								0
								0
								0
								0
								0
								0
								0
								0
								0
								0
								0
								0
								0
								0
								0
								0
								0
								0
								0
								0
								0
								0
								0
								0
								0
								0
								0
								0
								0
								0
								0
								0
								0
								0
								0
								0
								0
								0
								0
								0
								0
								0
								0
								0
								0
								0
								0
								0
								0
								0
								0
								0
								0
								0
								0
								0
								0
								0
								0
								0
								0
								0
								0
								0
								0
								0
								0
								0
								0
								0
								0
								0
								0
								0
								0
								0
								0
								0
								0
								0
								0
								0
								0
								0
								0
								0
								0
								0
								0
								0
								0
								0
								0
								0
								0
								0
								0
								0
								0
								0
								0
								0
								0
								0
								0
								0
								0
								0
								0
								0
								0
								0
								0
								0
								0
								0
								0
								0
								0
								0
								0
								0
								0
								0
								0
								0
								0
								0
								0
								0
								0
								0
								0
								0
								0
								0
								0
								0
								0
								0
								0
								0
								0
								0
								0
								0
								0
								0
								0
								0
								0
								0
								0
								0
								0
								0
								0
								0
								0
								0
								0
								0
								0
								0
								0
								0
								0
								0
								0
								0
								0
								0
								0
								0
								0
								0
								0
								0
								0
								0
								0
								0
								0
								0
								0
								0
								0
								0
								0
								0
								0
								0
								0
								0
								0
								0
								0
								0
								0
								0
								0
								0
								0
								0
								0
								0
								0
								0
								0
								0
								0
								0
								0
								0
								0
								0
								0
								0
								0
								0
								0
								0
								0
								0
								0
								0
								0
								0
								0
								0
								0
								0
								0
								0
								0
								0
								0
								0
								0
								0
								0
								0
								0
								0
								0
								0
								0
								0
								0
								0
								0
								0
								0
								0
								0
								0
								0
								0
								0
								0
								0
								0
								0
								0
								0
								0
								0
								0
								0
								0
								0
								0
								0
								0
								0
								0
								0
								0
								0
								0
								0
								0
								0
								0
								0
								0
								0
								0
								0
								0
								0
								0
								0
								0
								0
								0
								0
								0
								0
								0
								0
								0
								0
								0
								0
								0
								0
								0
								0
								0
								0
								0
								0
								0
								0
								0
								0
								0
								0
								0
								0
								0
								0
								0
								0
								0
								0
								0
								0
								0
								0
								0
								0
								0
								0
								0
								0
								0
								0
								0
								0
								0
								0
								0
								0
								0
								0
								0
								0
								0
								0
								0
								0
								0
								0
								0
								0
								0
								0
								0
								0
								0
								0
								0
								0
								0
								0
								0
								0
								0
								0
								0
								0
								0
								0
								0
								0
								0
								0
								0
								0
								0
								0
								0
								0
								0
								0
								0
								0
								0
								0
								0
								0
								0
								0
								0
								0
								0
								0
								0
								0
								0
								0
								0
								0
								0
								0
								0
								0
								0
								0
								0
								0
								0
								0
								0
								0
								0
								0
								0
								0
								0
								0
								0
								0
								0
								0
								0
								0
								0
								0
								0
								0
								0
								0
								0
								0
								0
								0
								0
								0
								0
								0
								0
								0
								0
								0
								0
								0
								0
								0
								0
								0
								0
								0
								0
								0
								0
								0
								0
								0
								0
								0
								0
								0
								0
								0
								0
								0
								0
								0
								0
								0
								0
								0
								0
								0
								0
								0
								0
								0
								0
								0
								0
								0
								0
								0
								0
								0
								0
								0
								0
								0
								0
								0
								0
								0
								0
								0
								0
								0
								0
								0
								0
								0
								0
								0
								0
								0
								0
								0
								0
								0
								0
								0
								0
								0
								0
								0
								0
								0
								0
								0
								0
								0
								0
								0
								0
								0
								0
								0
								0
								0
								0
								0
								0
								0
								0
								0
								0
								0
								0
								0
								0
								0
								0
								0
								0
								0
								0
								0
								0
								0
								0
								0
								0
								0
								0
								0
								0
								0
								0
								0
								0
								0
								0
								0
								0
								0
								0
								0
								0
								0
								0
								0
								0
								0
								0
								0
								0
								0
								0
								0
								0
								0
								0
								0
								0
								0
								0
								0
								0
								0
								0
								0
								0
								0
								0
								0
								0
								0
								0
								0
								0
								0
								0
								0
								0
								0
								0
								0
								0
								0
								0
								0
								0
								0
								0
								0
								0
								0
								0
								0
								0
								0
								0
								0
								0
								0
								0
								0
								0
								0
								0
								0
								0
								0
								0
								0
								0
								0
								0
								0
								0
								0
								0
								0
								0
								0
								0
								0
								0
								0
								0
								0
								0
								0
								0
								0
								0
								0
								0
								0
								0
								0
								0
								0
								0
								0
								0
								0
								0
								0
								0
								0
								0
								0
								0
								0
								0
								0
								0
								0
								0
								0
								0
								0
								0
								0
								0
								0
								0
								0
								0
								0
								0
								0
								0
								0
								0
								0
								0
								0
								0
								0
								0
								0
								0
								0
								0
								0
								0
								0
								0
								0
								0
								0
								0
								0
								0
								0
								0
								0
								0
								0
								0
								0
								0
								0
								0
								0
								0
								0
								0
								0
								0
								0
								0
								0
								0
								0
								0
								0
								0
								0
								0
								0
								0
								0
								0
								0
								0
								0
								0
								0
								0
								0
								0
								0
								0
								0
								0
								0
								0
								0
								0
								0
								0
								0
								0
								0
								0
								0
								0
								0
								0
								0
								0
								0
								0
								0
								0
								0
								0
								0
								0
								0
								0
								0
								0
								0
								0
								0
								0
								0
								0
								0
								0
								0
								0
								0
								0
								0
								0
								0
								0
								0
								0
								0
								0
								0
								0
								0
								0
								0
								0
								0
								0
								0
								0
								0
								0
								0
								0
								0
								0
								0
								0
								0
								0
								0
								0
								0
								0
								0
								0
								0
								0
								0
								0
								0
								0
								0
								0
								0
								0
								0
								0
								0
								0
								0
								0
								0
								0
								0
								0
								0
								0
								0
								0
								0
								0
								0
								0
								0
								0
								0
								0
								0
								0
								0
								0
								0
								0
								0
								0
								0
								0
								0
								0
								0
								0
								0
								0
								0
								0
								0
								0
								0
								0
								0
								0
								0
								0
								0
								0
								0
								0
								0
								0
								0
								0
								0
								0
								0
								0
								0
								0
								0
								0
								0
								0
								0
								0
								0
								0
								0
								0
								0
								0
								0
								0
								0
								0
								0
								0
								0
								0
								0
								0
								0
								0
								0
								0
								0
								0
								0
								0
								0
								0
								0
								0
								0
								0
								0
								0
								0
								0
								0
								0
								0
								0
								0
								0
								0
								0
								0
								0
								0
								0
								0
								0
								0
								0
								0
								0
								0
								0
								0
								0
								0
								0
								0
								0
								0
								0
								0
								0
								0
								0
								0
								0
								0
								0
								0
								0
								0
								0
								0
								0
								0
								0
								0
								0
								0
								0
								0
								0
								0
								0
								0
								0
								0
								0
								0
								0
								0
								0
								0
								0
								0
								0
								0
								0
								0
								0
								0
								0
								0
								0
								0
								0
								0
								0
								0
								0
								0
								0
								0
								0
								0
								0
								0
								0
								0
								0
								0
								0
								0
								0
								0
								0
								0
								0
								0
								0
								0
								0
								0
								0
								0
								0
								0
								0
								0
								0
								0
								0
								0
								0
								0
								0
								0
								0
								0
								0
								0
								0
								0
								0
								0
								0
								0
								0
								0
								0
								0
								0
								0
								0
								0
								0
								0
								0
								0
								0
								0
								0
								0
								0
								0
								0
								0
								0
								0
								0
								0
								0
								0
								0
								0
								0
								0
								0
								0
								0
								0
								0
								0
								0
								0
								0
								0
								0
								0
								0
								0
								0
								0
								0
								0
								0
								0
								0
								0
								0
								0
								0
								0
								0
								0
								0
								0
								0
								0
								0
								0
								0
								0
								0
								0
								0
								0
								0
								0
								0
								0
								0
								0
								0
								0
								0
								0
								0
								0
								0
								0
								0
								0
								0
								0
								0
								0
								0
								0
								0
								0
								0
								0
								0
								0
								0
								0
								0
								0
								0
								0
								0
								0
								0
								0
								0
								0
								0
								0
								0
								0
								0
								0
								0
								0
								0
								0
								0
								0
								0
								0
								0
								0
								0
								0
								0
								0
								0
								0
								0
								0
								0
								0
								0
								0
								0
								0
								0
								0
								0
								0
								0
								0
								0
								0
								0
								0
								0
								0
								0
								0
								0
								0
								0
								0
								0
								0
								0
								0
								0
								0
								0
								0
								0
								0
								0
								0
								0
								0
								0
								0
								0
								0
								0
								0
								0
								0
								0
								0
								0
								0
								0
								0
								0
								0
								0
								0
								0
								0
								0
								0
								0
								0
								0
								0
								0
								0
								0
								0
								0
								0
								0
								0
								0
								0
								0
								0
								0
								0
								0
								0
								0
								0
								0
								0
								0
								0
								0
								0
								0
								0
								0
								0
								0
								0
								0
								0
								0
								0
								0
								0
								0
								0
								0
								0
								0
								0
								0
								0
								0
								0
								0
								0
								0
								0
								0
								0
								0
								0
								0
								0
								0
								0
								0
								0
								0
								0
								0
								0
								0
								0
								0
								0
								0
								0
								0
								0
								0
								0
								0
								0
								0
								0
								0
								0
								0
								0
								0
								0
								0
								0
